#1
double flow(4553,2)  # Flow variation
0	3.13
86400	3.27
172800	3.2
259200	3.13
345600	3.19
432000	5.35
518400	9.79
604800	12.2
691200	12.62
777600	14.17
864000	15.92
950400	16.29
1036800	14.51
1123200	11.85
1209600	10.29
1296000	9.42
1382400	9.18
1468800	8.89
1555200	8.36
1641600	7.76
1728000	6.87
1814400	6.16
1900800	5.55
1987200	5.01
2073600	4.73
2160000	4.45
2246400	4.09
2332800	3.77
2419200	3.46
2505600	3.2
2592000	3
2678400	2.86
2764800	2.73
2851200	2.61
2937600	2.54
3024000	2.42
3110400	2.3
3196800	2.23
3283200	2.13
3369600	2.26
3456000	2.42
3542400	2.31
3628800	2.23
3715200	2.12
3801600	2
3888000	1.94
3974400	1.9
4060800	1.81
4147200	1.68
4233600	1.57
4320000	1.56
4406400	1.49
4492800	1.4
4579200	1.45
4665600	1.49
4752000	1.48
4838400	1.48
4924800	1.46
5011200	1.42
5097600	1.34
5184000	1.29
5270400	1.25
5356800	1.26
5443200	1.26
5529600	1.19
5616000	1.1
5702400	1.04
5788800	1.06
5875200	1.09
5961600	1.06
6048000	1.03
6134400	1.03
6220800	1.03
6307200	1.06
6393600	1.13
6480000	1.23
6566400	1.24
6652800	1.18
6739200	1.16
6825600	1.16
6912000	1.16
6998400	1.16
7084800	1.23
7171200	1.44
7257600	2.02
7344000	2.99
7430400	3.68
7516800	3.75
7603200	3.63
7689600	3.62
7776000	3.84
7862400	4.15
7948800	4.94
8035200	7.89
8121600	10.03
8208000	9.75
8294400	9.27
8380800	8.29
8467200	7.25
8553600	7.4
8640000	10.54
8726400	14.02
8812800	14
8899200	12.46
8985600	12.59
9072000	16.02
9158400	19.46
9244800	19.65
9331200	18.59
9417600	17.38
9504000	16.62
9590400	16.01
9676800	15.36
9763200	15.35
9849600	15.49
9936000	16.03
10022400	16.87
10108800	18.93
10195200	24.12
10281600	27.43
10368000	29.02
10454400	33.33
10540800	37.48
10627200	38.04
10713600	34.14
10800000	29.03
10886400	24.83
10972800	21.37
11059200	18.63
11145600	16.66
11232000	15.59
11318400	15.11
11404800	14.74
11491200	14.54
11577600	14.88
11664000	14.93
11750400	13.92
11836800	12.65
11923200	12.1
12009600	17.78
12096000	27.8
12182400	31.93
12268800	34.28
12355200	37.23
12441600	39.63
12528000	39.61
12614400	34.61
12700800	30.97
12787200	28.28
12873600	27.26
12960000	27.43
13046400	24.62
13132800	21.29
13219200	19.44
13305600	18.4
13392000	16.92
13478400	14.7
13564800	12.46
13651200	10.69
13737600	9.41
13824000	8.43
13910400	7.82
13996800	9.71
14083200	20.31
14169600	40.27
14256000	44
14342400	32.77
14428800	26.49
14515200	21.49
14601600	17.53
14688000	14.47
14774400	11.99
14860800	10.13
14947200	8.67
15033600	7.47
15120000	6.49
15206400	5.51
15292800	4.79
15379200	4.27
15465600	3.7
15552000	3.25
15638400	2.94
15724800	2.71
15811200	3.07
15897600	4.43
15984000	7.45
16070400	10.84
16156800	10.85
16243200	8.54
16329600	6.83
16416000	5.68
16502400	4.82
16588800	3.92
16675200	3.25
16761600	3.2
16848000	3.67
16934400	3.81
17020800	3.38
17107200	3.85
17193600	8.33
17280000	11.5
17366400	10.57
17452800	10.64
17539200	10.33
17625600	11.86
17712000	14.22
17798400	14.07
17884800	12.93
17971200	11.04
18057600	9.12
18144000	8.05
18230400	8.1
18316800	7.79
18403200	6.61
18489600	5.73
18576000	5.05
18662400	4.44
18748800	4.08
18835200	3.93
18921600	3.86
19008000	3.58
19094400	3.23
19180800	2.96
19267200	2.71
19353600	2.57
19440000	2.41
19526400	2.17
19612800	2.08
19699200	2.08
19785600	2
19872000	1.89
19958400	1.83
20044800	1.79
20131200	1.78
20217600	1.78
20304000	2.34
20390400	3.39
20476800	4.96
20563200	5.24
20649600	4.19
20736000	3.95
20822400	4.15
20908800	4.36
20995200	4.59
21081600	5.39
21168000	5.87
21254400	5.32
21340800	4.63
21427200	4.47
21513600	4.66
21600000	4.55
21686400	4.24
21772800	3.94
21859200	3.52
21945600	3.28
22032000	4.16
22118400	5.49
22204800	5.64
22291200	5.06
22377600	4.5
22464000	4.15
22550400	4.02
22636800	3.8
22723200	3.54
22809600	3.38
22896000	3.23
22982400	3.04
23068800	2.9
23155200	2.87
23241600	3.05
23328000	3.56
23414400	4.75
23500800	8.69
23587200	13.19
23673600	13.75
23760000	12.19
23846400	10.31
23932800	7.89
24019200	6.32
24105600	5.64
24192000	5.57
24278400	6.14
24364800	6.33
24451200	5.9
24537600	5.25
24624000	4.87
24710400	4.78
24796800	4.59
24883200	4.28
24969600	4
25056000	3.73
25142400	3.55
25228800	3.74
25315200	4.22
25401600	4.82
25488000	5.07
25574400	4.97
25660800	4.89
25747200	4.78
25833600	6.44
25920000	27.5
26006400	44.39
26092800	40.02
26179200	44.53
26265600	47.8
26352000	52.73
26438400	66.13
26524800	61.61
26611200	44.57
26697600	39.02
26784000	43.47
26870400	52.14
26956800	54.3
27043200	46.37
27129600	40.03
27216000	35.09
27302400	29.57
27388800	25.05
27475200	21.48
27561600	18.33
27648000	15.69
27734400	13.46
27820800	11.58
27907200	10.01
27993600	8.61
28080000	7.3
28166400	6.48
28252800	6.17
28339200	5.87
28425600	5.45
28512000	5
28598400	4.48
28684800	4.03
28771200	3.9
28857600	3.81
28944000	3.67
29030400	3.56
29116800	3.41
29203200	3.32
29289600	3.21
29376000	3.14
29462400	3.02
29548800	2.87
29635200	2.84
29721600	3.41
29808000	4.07
29894400	4.07
29980800	3.83
30067200	3.6
30153600	3.33
30240000	3.05
30326400	2.84
30412800	2.68
30499200	2.56
30585600	2.42
30672000	2.3
30758400	2.25
30844800	2.14
30931200	2
31017600	1.88
31104000	1.8
31190400	1.72
31276800	1.59
31363200	1.52
31449600	1.5
31536000	1.44
31622400	1.4
31708800	1.39
31795200	1.29
31881600	1.21
31968000	1.21
32054400	1.18
32140800	1.11
32227200	1.09
32313600	1.16
32400000	1.28
32486400	1.31
32572800	1.28
32659200	1.28
32745600	1.28
32832000	1.31
32918400	1.46
33004800	1.65
33091200	1.84
33177600	1.98
33264000	1.96
33350400	1.86
33436800	1.77
33523200	1.73
33609600	1.61
33696000	1.52
33782400	1.53
33868800	1.5
33955200	1.4
34041600	1.33
34128000	1.3
34214400	1.27
34300800	1.24
34387200	1.23
34473600	1.24
34560000	1.24
34646400	1.23
34732800	1.28
34819200	1.43
34905600	1.43
34992000	1.35
35078400	1.35
35164800	1.35
35251200	1.32
35337600	1.31
35424000	1.42
35510400	1.49
35596800	1.45
35683200	1.42
35769600	1.38
35856000	1.35
35942400	1.32
36028800	1.25
36115200	1.22
36201600	1.22
36288000	1.22
36374400	1.25
36460800	1.39
36547200	1.52
36633600	1.52
36720000	1.45
36806400	1.41
36892800	1.41
36979200	1.46
37065600	1.53
37152000	1.53
37238400	1.5
37324800	1.47
37411200	1.43
37497600	1.43
37584000	1.42
37670400	1.4
37756800	1.38
37843200	1.38
37929600	1.38
38016000	1.36
38102400	1.26
38188800	1.18
38275200	1.18
38361600	1.28
38448000	1.38
38534400	1.41
38620800	1.48
38707200	1.53
38793600	1.55
38880000	1.58
38966400	1.55
39052800	0
39139200	0
39225600	1.28
39312000	1.21
39398400	1.18
39484800	1.18
39571200	1.15
39657600	1.11
39744000	1.11
39830400	1.13
39916800	1.2
40003200	1.21
40089600	1.17
40176000	1.21
40262400	1.3
40348800	1.39
40435200	1.45
40521600	1.48
40608000	1.53
40694400	1.58
40780800	1.56
40867200	1.61
40953600	1.83
41040000	2.1
41126400	2.7
41212800	3.82
41299200	4.83
41385600	6.18
41472000	8.16
41558400	9.81
41644800	10.66
41731200	14.23
41817600	29.23
41904000	37.13
41990400	30.83
42076800	32.56
42163200	50.59
42249600	70.47
42336000	78.52
42422400	82.02
42508800	85.38
42595200	83.9
42681600	75.97
42768000	65.47
42854400	53.21
42940800	41.49
43027200	32.17
43113600	25.46
43200000	21.34
43286400	25.43
43372800	40.81
43459200	50.77
43545600	47.02
43632000	44.94
43718400	53.93
43804800	55.19
43891200	42.42
43977600	31.13
44064000	23.84
44150400	19.44
44236800	17.04
44323200	15.12
44409600	13.16
44496000	11.45
44582400	9.97
44668800	8.79
44755200	7.91
44841600	7.16
44928000	6.42
45014400	5.77
45100800	5.23
45187200	4.8
45273600	4.42
45360000	4.03
45446400	3.62
45532800	3.24
45619200	2.95
45705600	2.74
45792000	2.51
45878400	2.32
45964800	2.15
46051200	2.15
46137600	2.18
46224000	2.19
46310400	2.64
46396800	3.52
46483200	4.01
46569600	3.93
46656000	3.78
46742400	3.63
46828800	4.11
46915200	4.57
47001600	4.22
47088000	3.68
47174400	3.26
47260800	2.92
47347200	2.64
47433600	2.4
47520000	2.22
47606400	2.08
47692800	1.94
47779200	1.96
47865600	2.06
47952000	2.18
48038400	2.34
48124800	2.46
48211200	2.2
48297600	1.67
48384000	1.43
48470400	1.3
48556800	1.2
48643200	1.16
48729600	1.12
48816000	1.09
48902400	1.03
48988800	0.95
49075200	0.92
49161600	0.88
49248000	0.82
49334400	0.82
49420800	0.79
49507200	0.73
49593600	0.7
49680000	0.77
49766400	0.82
49852800	0.8
49939200	0.79
50025600	0.77
50112000	0.74
50198400	0.68
50284800	0.63
50371200	0.62
50457600	0.61
50544000	0.61
50630400	0.62
50716800	0.63
50803200	0.65
50889600	0.67
50976000	0.68
51062400	0.75
51148800	0.88
51235200	0.97
51321600	1.08
51408000	1.31
51494400	1.67
51580800	1.95
51667200	2.3
51753600	2.57
51840000	2.82
51926400	3.7
52012800	5.03
52099200	10.25
52185600	15.26
52272000	14.49
52358400	12.59
52444800	11.19
52531200	9.85
52617600	10.62
52704000	12.85
52790400	12.68
52876800	10.92
52963200	9.87
53049600	8.99
53136000	7.99
53222400	7.14
53308800	6.39
53395200	5.7
53481600	5.06
53568000	4.55
53654400	4.13
53740800	3.72
53827200	3.39
53913600	3.16
54000000	2.94
54086400	2.74
54172800	2.65
54259200	2.55
54345600	2.42
54432000	2.31
54518400	2.3
54604800	2.37
54691200	3.23
54777600	4.74
54864000	5.48
54950400	5.68
55036800	6.1
55123200	6.42
55209600	6.63
55296000	6.97
55382400	7.14
55468800	8.4
55555200	25.79
55641600	36.98
55728000	27.25
55814400	21.08
55900800	18
55987200	15.54
56073600	14.55
56160000	13.37
56246400	11.59
56332800	10.05
56419200	8.7
56505600	7.89
56592000	8.09
56678400	10.51
56764800	14.66
56851200	17.74
56937600	22.29
57024000	24.25
57110400	19.75
57196800	15.97
57283200	17.67
57369600	20.19
57456000	18.48
57542400	15.64
57628800	17.58
57715200	21.33
57801600	19.22
57888000	14.79
57974400	12.05
58060800	10.85
58147200	14.21
58233600	22.67
58320000	26.57
58406400	22.93
58492800	18.35
58579200	15.08
58665600	12.7
58752000	11
58838400	9.83
58924800	11.52
59011200	16.3
59097600	22.92
59184000	32.23
59270400	41.96
59356800	42.11
59443200	39.31
59529600	35.96
59616000	31.32
59702400	30.12
59788800	32.32
59875200	60.01
59961600	70.69
60048000	49.25
60134400	43.28
60220800	42.94
60307200	38.24
60393600	33.18
60480000	28.11
60566400	27.3
60652800	30.78
60739200	30.63
60825600	25.72
60912000	22.36
60998400	21.1
61084800	18.45
61171200	17.83
61257600	20.86
61344000	20.66
61430400	19.11
61516800	22.9
61603200	24.81
61689600	20.94
61776000	16.93
61862400	14.08
61948800	12.26
62035200	10.98
62121600	9.87
62208000	9.07
62294400	9.4
62380800	10.4
62467200	10.42
62553600	9.56
62640000	8.51
62726400	7.48
62812800	7.15
62899200	7.26
62985600	7.13
63072000	6.69
63158400	6.16
63244800	5.86
63331200	5.6
63417600	5.41
63504000	5.21
63590400	5.35
63676800	7.65
63763200	13.18
63849600	14.87
63936000	12.12
64022400	10.85
64108800	10.25
64195200	9.99
64281600	10.41
64368000	10.42
64454400	9.74
64540800	8.82
64627200	8.06
64713600	8.19
64800000	7.78
64886400	6.7
64972800	6.27
65059200	6.19
65145600	5.74
65232000	5.19
65318400	4.78
65404800	4.45
65491200	4.15
65577600	3.99
65664000	3.88
65750400	3.71
65836800	3.61
65923200	3.61
66009600	3.55
66096000	3.54
66182400	3.51
66268800	3.39
66355200	3.24
66441600	3.04
66528000	2.97
66614400	2.98
66700800	2.91
66787200	2.76
66873600	2.63
66960000	2.48
67046400	2.49
67132800	2.64
67219200	2.57
67305600	2.41
67392000	2.39
67478400	2.39
67564800	2.43
67651200	2.5
67737600	2.53
67824000	2.53
67910400	2.5
67996800	2.73
68083200	2.77
68169600	2.46
68256000	2.34
68342400	2.22
68428800	2.22
68515200	2.37
68601600	2.5
68688000	2.5
68774400	2.42
68860800	2.38
68947200	2.49
69033600	3.22
69120000	5.41
69206400	6.65
69292800	6.35
69379200	7.11
69465600	7.71
69552000	7.37
69638400	6.87
69724800	6.29
69811200	5.71
69897600	5.32
69984000	5.04
70070400	4.79
70156800	4.89
70243200	5.23
70329600	5.57
70416000	6.08
70502400	6.73
70588800	7.28
70675200	7.64
70761600	7.86
70848000	7.99
70934400	8.13
71020800	8.16
71107200	8.78
71193600	9.55
71280000	8.99
71366400	7.97
71452800	7.32
71539200	6.72
71625600	6.7
71712000	8.2
71798400	12.64
71884800	18.93
71971200	23.93
72057600	28.36
72144000	31.16
72230400	28.49
72316800	23.35
72403200	19.43
72489600	16.24
72576000	14.17
72662400	14.28
72748800	19.21
72835200	31.05
72921600	47.94
73008000	59.9
73094400	58.71
73180800	52.14
73267200	48.03
73353600	46.02
73440000	44.96
73526400	43.92
73612800	43.46
73699200	42.26
73785600	38.93
73872000	35.08
73958400	31.91
74044800	28.61
74131200	25.17
74217600	21.9
74304000	19.22
74390400	18.77
74476800	20.35
74563200	21.47
74649600	20.45
74736000	18.1
74822400	16.17
74908800	16.74
74995200	19.84
75081600	21.89
75168000	21.1
75254400	18.83
75340800	16.74
75427200	15.44
75513600	14.63
75600000	13.44
75686400	12.6
75772800	13.24
75859200	14.52
75945600	16.46
76032000	18.37
76118400	19.7
76204800	19.42
76291200	16.99
76377600	14.4
76464000	12.32
76550400	10.64
76636800	9.19
76723200	7.98
76809600	6.93
76896000	5.98
76982400	5.15
77068800	4.49
77155200	3.86
77241600	3.4
77328000	3.25
77414400	3.11
77500800	2.99
77587200	2.82
77673600	2.45
77760000	2.11
77846400	2.12
77932800	2.73
78019200	3.69
78105600	4.04
78192000	3.87
78278400	3.68
78364800	3.67
78451200	3.68
78537600	4.14
78624000	5.12
78710400	5.38
78796800	21.39
78883200	48.65
78969600	57.84
79056000	49.58
79142400	38.63
79228800	31.13
79315200	29.92
79401600	30.75
79488000	29.9
79574400	34.99
79660800	36.64
79747200	29.71
79833600	26.84
79920000	24.81
80006400	23.92
80092800	29.9
80179200	30.71
80265600	24.13
80352000	18.65
80438400	14.79
80524800	12.98
80611200	12.63
80697600	11.86
80784000	10.51
80870400	10.59
80956800	11.82
81043200	11.35
81129600	9.66
81216000	8.21
81302400	7.05
81388800	6.25
81475200	5.59
81561600	4.96
81648000	4.5
81734400	4.26
81820800	4.04
81907200	4.05
81993600	4.74
82080000	5
82166400	4.55
82252800	4.36
82339200	4.19
82425600	4
82512000	21.06
82598400	44.82
82684800	41.88
82771200	27.4
82857600	19.92
82944000	17
83030400	17.47
83116800	16.75
83203200	13.86
83289600	11.33
83376000	9.22
83462400	7.6
83548800	6.48
83635200	5.58
83721600	4.86
83808000	4.34
83894400	3.96
83980800	3.76
84067200	3.43
84153600	3.02
84240000	2.74
84326400	2.52
84412800	2.38
84499200	2.2
84585600	2
84672000	1.88
84758400	1.85
84844800	1.81
84931200	1.65
85017600	1.55
85104000	1.53
85190400	1.42
85276800	1.44
85363200	1.86
85449600	2.21
85536000	2.3
85622400	2.39
85708800	2.41
85795200	2.44
85881600	2.57
85968000	2.9
86054400	4.91
86140800	6.97
86227200	6.93
86313600	6.36
86400000	5.82
86486400	6.49
86572800	8.48
86659200	9.24
86745600	8.58
86832000	7.83
86918400	7.13
87004800	6.46
87091200	5.79
87177600	5.25
87264000	4.69
87350400	4
87436800	3.53
87523200	3.33
87609600	3.2
87696000	3.05
87782400	2.89
87868800	2.78
87955200	2.8
88041600	2.83
88128000	2.74
88214400	2.59
88300800	2.49
88387200	2.44
88473600	2.41
88560000	2.37
88646400	2.27
88732800	2.13
88819200	2.04
88905600	2.21
88992000	3.03
89078400	3.85
89164800	3.96
89251200	3.89
89337600	3.83
89424000	3.67
89510400	3.54
89596800	3.4
89683200	3.19
89769600	3.01
89856000	2.89
89942400	2.79
90028800	2.58
90115200	2.31
90201600	2.18
90288000	2.08
90374400	1.92
90460800	1.73
90547200	1.57
90633600	1.54
90720000	1.54
90806400	1.53
90892800	1.42
90979200	1.33
91065600	1.36
91152000	1.4
91238400	1.4
91324800	1.37
91411200	1.3
91497600	1.23
91584000	1.19
91670400	1.26
91756800	1.35
91843200	1.68
91929600	2.12
92016000	2.32
92102400	2.32
92188800	2.27
92275200	2.53
92361600	3.24
92448000	3.7
92534400	3.6
92620800	3.5
92707200	3.33
92793600	3.01
92880000	2.82
92966400	2.89
93052800	2.77
93139200	2.53
93225600	2.5
93312000	2.46
93398400	2.43
93484800	2.35
93571200	2.25
93657600	2.23
93744000	2.19
93830400	2.04
93916800	1.87
94003200	1.88
94089600	2.01
94176000	2.25
94262400	2.56
94348800	2.79
94435200	2.86
94521600	2.75
94608000	2.61
94694400	2.58
94780800	2.61
94867200	2.75
94953600	2.91
95040000	3
95126400	3.01
95212800	3.04
95299200	3.16
95385600	3.29
95472000	3.28
95558400	3.15
95644800	3.14
95731200	3.26
95817600	3.75
95904000	4.16
95990400	4.1
96076800	4.09
96163200	4.07
96249600	3.88
96336000	3.66
96422400	3.49
96508800	3.43
96595200	3.52
96681600	3.64
96768000	3.69
96854400	3.54
96940800	3.34
97027200	3.31
97113600	3.52
97200000	3.91
97286400	3.88
97372800	3.68
97459200	3.63
97545600	3.56
97632000	3.59
97718400	3.59
97804800	3.45
97891200	3.3
97977600	3.21
98064000	3.12
98150400	3.07
98236800	3.06
98323200	2.93
98409600	2.77
98496000	2.73
98582400	2.68
98668800	2.63
98755200	2.81
98841600	3.14
98928000	3.34
99014400	3.96
99100800	4.79
99187200	4.99
99273600	5.16
99360000	5.38
99446400	5.33
99532800	5.11
99619200	4.91
99705600	4.83
99792000	4.64
99878400	4.38
99964800	4.09
100051200	3.9
100137600	3.75
100224000	3.56
100310400	3.59
100396800	3.75
100483200	3.87
100569600	4.16
100656000	5.23
100742400	5.64
100828800	4.9
100915200	4.4
101001600	4.04
101088000	3.78
101174400	3.61
101260800	3.39
101347200	3.26
101433600	3.39
101520000	3.39
101606400	3.2
101692800	3.1
101779200	2.95
101865600	2.82
101952000	2.73
102038400	2.64
102124800	2.69
102211200	2.98
102297600	3.46
102384000	3.89
102470400	4.1
102556800	4.2
102643200	4.33
102729600	4.5
102816000	4.57
102902400	4.44
102988800	4.16
103075200	3.99
103161600	3.86
103248000	3.72
103334400	3.69
103420800	3.65
103507200	3.65
103593600	3.65
103680000	3.62
103766400	3.55
103852800	3.54
103939200	3.8
104025600	4.46
104112000	5.54
104198400	7.41
104284800	10.11
104371200	12.87
104457600	15.51
104544000	17.85
104630400	21.2
104716800	33.55
104803200	66.02
104889600	94.37
104976000	106.45
105062400	118
105148800	115.87
105235200	100.48
105321600	87.31
105408000	82.06
105494400	84.76
105580800	88.39
105667200	91.55
105753600	93.89
105840000	95.55
105926400	96.71
106012800	88.79
106099200	78.52
106185600	74.76
106272000	70.96
106358400	63.93
106444800	53.09
106531200	41.84
106617600	34.33
106704000	30.35
106790400	29.71
106876800	31.34
106963200	33.11
107049600	38.17
107136000	42.57
107222400	40.7
107308800	38.12
107395200	36.55
107481600	34.65
107568000	32.62
107654400	30.37
107740800	27.31
107827200	23.88
107913600	20.92
108000000	18.26
108086400	15.64
108172800	13.29
108259200	11.23
108345600	9.57
108432000	8.22
108518400	7.21
108604800	6.51
108691200	5.83
108777600	5.26
108864000	4.84
108950400	4.47
109036800	4.13
109123200	3.89
109209600	4.08
109296000	5.27
109382400	6.02
109468800	5.69
109555200	5.94
109641600	6.53
109728000	6.38
109814400	5.75
109900800	5.13
109987200	4.71
110073600	4.33
110160000	3.98
110246400	3.72
110332800	3.48
110419200	3.27
110505600	2.98
110592000	2.61
110678400	2.58
110764800	7.04
110851200	11.91
110937600	11.24
111024000	9.59
111110400	8.67
111196800	7.73
111283200	6.89
111369600	6.15
111456000	5.52
111542400	4.99
111628800	4.44
111715200	3.93
111801600	3.58
111888000	6.94
111974400	14.8
112060800	18.18
112147200	15.65
112233600	12.81
112320000	10.45
112406400	8.58
112492800	7.13
112579200	5.96
112665600	5.08
112752000	4.38
112838400	3.8
112924800	3.35
113011200	2.98
113097600	2.84
113184000	2.88
113270400	2.78
113356800	2.71
113443200	2.97
113529600	3.6
113616000	4.13
113702400	4.46
113788800	6.63
113875200	8.79
113961600	10.47
114048000	13.19
114134400	13.27
114220800	11.09
114307200	9.26
114393600	7.78
114480000	6.67
114566400	6.15
114652800	5.8
114739200	5.24
114825600	4.83
114912000	4.54
114998400	4.28
115084800	4.33
115171200	4.48
115257600	4.39
115344000	4.27
115430400	4.08
115516800	3.81
115603200	3.59
115689600	3.63
115776000	7.89
115862400	13.16
115948800	15.09
116035200	14.77
116121600	12.59
116208000	11.28
116294400	10.91
116380800	10.6
116467200	11.98
116553600	13.9
116640000	13.73
116726400	12.33
116812800	10.7
116899200	9.36
116985600	8.33
117072000	7.49
117158400	6.95
117244800	6.65
117331200	6.25
117417600	5.81
117504000	5.41
117590400	5
117676800	4.6
117763200	4.25
117849600	3.92
117936000	3.57
118022400	3.3
118108800	3.28
118195200	3.71
118281600	4.07
118368000	4.19
118454400	5.48
118540800	8.61
118627200	10.34
118713600	9.65
118800000	11.65
118886400	19.86
118972800	22.2
119059200	16.73
119145600	13.25
119232000	10.89
119318400	9.23
119404800	8.06
119491200	7.18
119577600	6.44
119664000	5.83
119750400	5.43
119836800	5.43
119923200	6.51
120009600	7.9
120096000	8.37
120182400	10.04
120268800	12.63
120355200	24.42
120441600	32.42
120528000	26.03
120614400	19.96
120700800	16.11
120787200	13.57
120873600	11.28
120960000	9.49
121046400	8.29
121132800	7.47
121219200	6.83
121305600	6.23
121392000	5.78
121478400	5.63
121564800	10.13
121651200	20.07
121737600	22.69
121824000	17.55
121910400	13.64
121996800	11.53
122083200	12.19
122169600	14.78
122256000	14.41
122342400	11.57
122428800	10.14
122515200	9.65
122601600	9.51
122688000	9.63
122774400	9.81
122860800	8.56
122947200	6.22
123033600	5.02
123120000	4.95
123206400	5.3
123292800	5.61
123379200	5.55
123465600	5.45
123552000	5.45
123638400	5.35
123724800	4.93
123811200	4.72
123897600	4.64
123984000	4.31
124070400	4.06
124156800	3.9
124243200	3.68
124329600	3.57
124416000	3.46
124502400	3.27
124588800	3.13
124675200	3.04
124761600	3
124848000	3.05
124934400	3.21
125020800	3.58
125107200	3.93
125193600	4.06
125280000	4.22
125366400	4.33
125452800	4.19
125539200	4
125625600	3.81
125712000	3.65
125798400	3.48
125884800	3.34
125971200	3.27
126057600	3.3
126144000	3.23
126230400	2.98
126316800	2.84
126403200	2.74
126489600	2.58
126576000	2.42
126662400	2.31
126748800	2.19
126835200	2.06
126921600	1.97
127008000	1.93
127094400	2.06
127180800	2.49
127267200	2.73
127353600	2.64
127440000	2.62
127526400	2.74
127612800	2.97
127699200	3.3
127785600	3.52
127872000	3.55
127958400	3.41
128044800	3.38
128131200	3.51
128217600	3.62
128304000	3.59
128390400	3.35
128476800	3.16
128563200	3
128649600	2.85
128736000	2.79
128822400	2.84
128908800	2.92
128995200	2.93
129081600	2.97
129168000	3.04
129254400	2.97
129340800	2.84
129427200	2.7
129513600	2.49
129600000	2.34
129686400	2.26
129772800	2.15
129859200	2.08
129945600	2.08
130032000	2.11
130118400	2.18
130204800	2.22
130291200	2.18
130377600	2.08
130464000	1.93
130550400	1.8
130636800	1.75
130723200	1.7
130809600	1.67
130896000	1.64
130982400	1.6
131068800	1.51
131155200	1.41
131241600	1.43
131328000	1.5
131414400	1.53
131500800	1.6
131587200	1.67
131673600	1.67
131760000	1.67
131846400	1.8
131932800	1.93
132019200	1.94
132105600	1.91
132192000	1.88
132278400	1.88
132364800	1.88
132451200	1.87
132537600	1.8
132624000	1.81
132710400	1.87
132796800	1.87
132883200	1.9
132969600	1.92
133056000	1.98
133142400	2.09
133228800	2.11
133315200	2.05
133401600	1.98
133488000	2.01
133574400	2.07
133660800	2.02
133747200	1.94
133833600	1.96
133920000	2.34
134006400	3.19
134092800	4.47
134179200	6.08
134265600	8.07
134352000	10.41
134438400	11.75
134524800	11.89
134611200	14.61
134697600	19.28
134784000	23.05
134870400	28.55
134956800	35.19
135043200	40.1
135129600	41.69
135216000	42.47
135302400	43.22
135388800	41.49
135475200	38.79
135561600	38.22
135648000	39.75
135734400	41.91
135820800	43.94
135907200	44.93
135993600	45.29
136080000	44.83
136166400	50
136252800	62.77
136339200	67.8
136425600	63.93
136512000	60.84
136598400	56.81
136684800	49.48
136771200	39.99
136857600	31.97
136944000	26.71
137030400	23.52
137116800	21.63
137203200	20.12
137289600	18.57
137376000	16.89
137462400	15.14
137548800	13.39
137635200	12.14
137721600	11.45
137808000	10.73
137894400	9.98
137980800	9.77
138067200	11.36
138153600	14.16
138240000	15.78
138326400	16.85
138412800	19.01
138499200	19.1
138585600	16.44
138672000	14.35
138758400	15.32
138844800	16.29
138931200	14.37
139017600	12.33
139104000	10.65
139190400	9.1
139276800	7.8
139363200	6.73
139449600	5.82
139536000	5.11
139622400	4.58
139708800	4.2
139795200	4.06
139881600	4.04
139968000	3.86
140054400	3.81
140140800	3.95
140227200	3.82
140313600	3.52
140400000	3.22
140486400	2.92
140572800	2.67
140659200	2.79
140745600	3.16
140832000	3.43
140918400	3.75
141004800	3.95
141091200	3.8
141177600	3.45
141264000	3.09
141350400	2.75
141436800	2.45
141523200	2.2
141609600	1.98
141696000	1.79
141782400	1.67
141868800	1.57
141955200	1.67
142041600	1.71
142128000	1.54
142214400	1.9
142300800	7.7
142387200	15.25
142473600	28.03
142560000	35.36
142646400	26.76
142732800	18.55
142819200	14.35
142905600	12.16
142992000	10.41
143078400	11.33
143164800	12.22
143251200	10.95
143337600	24.96
143424000	33.35
143510400	22.47
143596800	15.39
143683200	13.12
143769600	13.32
143856000	12.61
143942400	10.56
144028800	8.74
144115200	7.67
144201600	7
144288000	13.99
144374400	35.4
144460800	40.98
144547200	27.52
144633600	32.89
144720000	48.12
144806400	43.72
144892800	29.19
144979200	21.01
145065600	16.01
145152000	12.79
145238400	10.75
145324800	9.2
145411200	7.92
145497600	6.88
145584000	5.9
145670400	5.48
145756800	7.55
145843200	10.14
145929600	10.25
146016000	9.21
146102400	8.34
146188800	11.66
146275200	15.72
146361600	14.98
146448000	12.72
146534400	10.81
146620800	9.89
146707200	9.67
146793600	9.85
146880000	12.1
146966400	14.05
147052800	13.16
147139200	11.59
147225600	10.83
147312000	10.67
147398400	11.93
147484800	13.28
147571200	12.71
147657600	11.4
147744000	10.17
147830400	9.07
147916800	8
148003200	7.16
148089600	6.54
148176000	6.06
148262400	5.61
148348800	5.19
148435200	4.78
148521600	4.4
148608000	4.08
148694400	3.77
148780800	3.46
148867200	3.18
148953600	2.9
149040000	2.62
149126400	2.52
149212800	2.47
149299200	2.36
149385600	2.24
149472000	2.17
149558400	2.08
149644800	1.95
149731200	1.86
149817600	1.79
149904000	1.81
149990400	1.92
150076800	2.06
150163200	2.35
150249600	3.54
150336000	4.94
150422400	5.22
150508800	4.89
150595200	4.71
150681600	4.95
150768000	4.95
150854400	4.47
150940800	4.06
151027200	3.98
151113600	4.08
151200000	4.03
151286400	3.87
151372800	3.68
151459200	3.59
151545600	3.66
151632000	3.75
151718400	3.9
151804800	4.18
151891200	4.8
151977600	5.33
152064000	5.15
152150400	4.81
152236800	4.5
152323200	4.09
152409600	3.91
152496000	4.15
152582400	8.48
152668800	20.44
152755200	24.33
152841600	17.87
152928000	14.3
153014400	17.38
153100800	21.46
153187200	18.97
153273600	14.67
153360000	11.55
153446400	9.54
153532800	8.61
153619200	17.13
153705600	27.32
153792000	26.46
153878400	25.38
153964800	24.58
154051200	24.28
154137600	30.62
154224000	33.56
154310400	33.55
154396800	34.5
154483200	30.84
154569600	29.47
154656000	29.43
154742400	24.63
154828800	19.1
154915200	15.48
155001600	13.01
155088000	10.84
155174400	9.41
155260800	8.54
155347200	8.02
155433600	7.8
155520000	7.69
155606400	7.46
155692800	7.13
155779200	6.76
155865600	6.32
155952000	5.83
156038400	5.4
156124800	5.12
156211200	4.87
156297600	4.53
156384000	4.22
156470400	3.95
156556800	3.92
156643200	4.24
156729600	4.16
156816000	3.82
156902400	3.66
156988800	3.52
157075200	3.42
157161600	3.38
157248000	3.35
157334400	3.18
157420800	2.97
157507200	2.84
157593600	2.81
157680000	2.78
157766400	2.67
157852800	2.57
157939200	2.48
158025600	2.37
158112000	2.28
158198400	2.2
158284800	2.11
158371200	2.02
158457600	1.97
158544000	1.89
158630400	1.82
158716800	1.78
158803200	1.71
158889600	1.65
158976000	1.62
159062400	1.58
159148800	1.52
159235200	1.47
159321600	1.41
159408000	1.38
159494400	1.37
159580800	1.37
159667200	1.4
159753600	1.35
159840000	1.26
159926400	1.24
160012800	1.23
160099200	1.24
160185600	1.25
160272000	1.27
160358400	1.29
160444800	1.36
160531200	1.4
160617600	1.36
160704000	1.34
160790400	1.32
160876800	1.3
160963200	1.27
161049600	1.21
161136000	1.16
161222400	1.19
161308800	1.2
161395200	1.18
161481600	1.14
161568000	1.1
161654400	1.09
161740800	1.09
161827200	1.1
161913600	1.1
162000000	1.1
162086400	1.09
162172800	1.08
162259200	1.05
162345600	1.01
162432000	0.99
162518400	0.99
162604800	1.03
162691200	1.06
162777600	1.06
162864000	1.04
162950400	0.99
163036800	0.95
163123200	0.95
163209600	0.99
163296000	1.02
163382400	1.01
163468800	0.97
163555200	0.93
163641600	0.91
163728000	0.9
163814400	0.9
163900800	0.89
163987200	0.88
164073600	0.88
164160000	0.88
164246400	0.91
164332800	0.99
164419200	1.1
164505600	1.29
164592000	1.42
164678400	1.48
164764800	1.63
164851200	1.73
164937600	1.73
165024000	1.92
165110400	2.38
165196800	2.78
165283200	2.94
165369600	2.97
165456000	2.95
165542400	2.9
165628800	2.82
165715200	2.76
165801600	2.7
165888000	2.66
165974400	2.69
166060800	3.47
166147200	5.08
166233600	6.26
166320000	6.49
166406400	6.72
166492800	7.62
166579200	8.74
166665600	10.02
166752000	11.59
166838400	12.46
166924800	13.88
167011200	14.08
167097600	12.15
167184000	10.78
167270400	9.67
167356800	8.78
167443200	8.19
167529600	8.13
167616000	8.65
167702400	10
167788800	14.93
167875200	21.72
167961600	30.81
168048000	38.56
168134400	37.87
168220800	32.82
168307200	28.25
168393600	24.79
168480000	22.01
168566400	20.21
168652800	20.12
168739200	21.99
168825600	23.54
168912000	22.84
168998400	20.61
169084800	19.21
169171200	19.78
169257600	25.19
169344000	60.06
169430400	92.43
169516800	83.86
169603200	69.15
169689600	63.55
169776000	61.38
169862400	54.95
169948800	44.57
170035200	36.02
170121600	28.4
170208000	22.13
170294400	18.17
170380800	15.85
170467200	13.89
170553600	12.13
170640000	10.64
170726400	9.37
170812800	8.39
170899200	7.59
170985600	7.01
171072000	6.5
171158400	5.91
171244800	5.39
171331200	5.47
171417600	6.58
171504000	7.4
171590400	7.45
171676800	11.33
171763200	14.96
171849600	13.81
171936000	12.46
172022400	11.35
172108800	9.72
172195200	8.04
172281600	6.79
172368000	5.86
172454400	5.01
172540800	4.31
172627200	3.84
172713600	3.51
172800000	3.15
172886400	2.81
172972800	2.58
173059200	2.41
173145600	2.22
173232000	2.18
173318400	2.2
173404800	2.09
173491200	2.04
173577600	2.13
173664000	2.08
173750400	1.87
173836800	1.68
173923200	1.63
174009600	1.63
174096000	1.6
174182400	1.69
174268800	2.06
174355200	3.32
174441600	5.84
174528000	9.09
174614400	13.3
174700800	18.25
174787200	18.98
174873600	15.8
174960000	13.87
175046400	13.93
175132800	14.43
175219200	13.57
175305600	11.73
175392000	9.82
175478400	8.14
175564800	6.74
175651200	5.66
175737600	4.82
175824000	4.33
175910400	4.16
175996800	4.1
176083200	4
176169600	3.9
176256000	3.89
176342400	3.95
176428800	6.17
176515200	10.12
176601600	11.23
176688000	9.76
176774400	8.85
176860800	19.98
176947200	31.99
177033600	35.35
177120000	38.65
177206400	33.24
177292800	23.51
177379200	17.96
177465600	15.52
177552000	14.47
177638400	13.09
177724800	12.04
177811200	11.32
177897600	10.18
177984000	13.49
178070400	24.3
178156800	25.81
178243200	17.46
178329600	13.02
178416000	10.56
178502400	8.98
178588800	7.76
178675200	6.68
178761600	5.84
178848000	5.13
178934400	4.55
179020800	4.05
179107200	3.66
179193600	3.31
179280000	3.02
179366400	2.79
179452800	2.62
179539200	2.64
179625600	3.55
179712000	4.43
179798400	5.25
179884800	6.97
179971200	7.85
180057600	7.26
180144000	6.32
180230400	5.64
180316800	5.31
180403200	5.56
180489600	5.78
180576000	5.53
180662400	6.28
180748800	15.24
180835200	20.86
180921600	16.26
181008000	12.76
181094400	10.39
181180800	8.68
181267200	7.73
181353600	10.13
181440000	29.44
181526400	83.53
181612800	114.98
181699200	113.23
181785600	127.59
181872000	106.24
181958400	60.9
182044800	39.86
182131200	28.56
182217600	21.73
182304000	17.15
182390400	13.9
182476800	11.45
182563200	9.49
182649600	7.85
182736000	6.63
182822400	5.92
182908800	5.5
182995200	5.01
183081600	4.49
183168000	4.09
183254400	3.76
183340800	3.44
183427200	3.14
183513600	3.13
183600000	3.52
183686400	4.33
183772800	8.08
183859200	13.1
183945600	14.08
184032000	12.47
184118400	11.62
184204800	11.25
184291200	10.39
184377600	9.11
184464000	7.76
184550400	6.62
184636800	5.7
184723200	4.97
184809600	4.39
184896000	4.09
184982400	4.06
185068800	3.93
185155200	3.73
185241600	3.48
185328000	3.23
185414400	3
185500800	2.82
185587200	2.68
185673600	2.59
185760000	2.52
185846400	2.36
185932800	2.22
186019200	2.12
186105600	1.99
186192000	1.91
186278400	1.84
186364800	1.75
186451200	1.66
186537600	1.52
186624000	1.42
186710400	1.32
186796800	1.23
186883200	1.18
186969600	1.14
187056000	1.08
187142400	1.03
187228800	1
187315200	0.97
187401600	0.96
187488000	0.96
187574400	0.96
187660800	0.95
187747200	0.94
187833600	0.93
187920000	0.92
188006400	0.89
188092800	0.88
188179200	0.88
188265600	0.87
188352000	0.86
188438400	0.85
188524800	0.85
188611200	0.84
188697600	0.79
188784000	0.72
188870400	0.7
188956800	0.69
189043200	0.68
189129600	0.67
189216000	0.66
189302400	0.66
189388800	0.63
189475200	0.59
189561600	0.59
189648000	0.62
189734400	0.64
189820800	0.65
189907200	0.71
189993600	0.76
190080000	0.77
190166400	0.79
190252800	0.8
190339200	0.8
190425600	0.82
190512000	0.89
190598400	0.94
190684800	0.93
190771200	0.92
190857600	0.9
190944000	0.88
191030400	0.87
191116800	0.87
191203200	0.86
191289600	0.86
191376000	0.86
191462400	0.86
191548800	0.86
191635200	0.85
191721600	0.8
191808000	0.74
191894400	0.73
191980800	0.73
192067200	0.73
192153600	0.75
192240000	0.82
192326400	0.85
192412800	0.85
192499200	0.88
192585600	0.9
192672000	0.89
192758400	0.88
192844800	0.85
192931200	0.81
193017600	0.78
193104000	0.74
193190400	0.78
193276800	0.8
193363200	0.79
193449600	0.79
193536000	0.79
193622400	0.79
193708800	0.79
193795200	0.78
193881600	0.77
193968000	0.77
194054400	0.77
194140800	0.77
194227200	0.77
194313600	0.77
194400000	0.76
194486400	0.75
194572800	0.75
194659200	0.75
194745600	0.75
194832000	0.75
194918400	0.74
195004800	0.73
195091200	0.73
195177600	0.73
195264000	0.73
195350400	0.73
195436800	0.73
195523200	0.76
195609600	0.75
195696000	0.71
195782400	0.71
195868800	0.71
195955200	0.74
196041600	0.73
196128000	0.73
196214400	0.85
196300800	1.03
196387200	1.24
196473600	1.48
196560000	1.68
196646400	1.89
196732800	2.14
196819200	2.38
196905600	2.45
196992000	2.31
197078400	2.32
197164800	3.8
197251200	6.46
197337600	8.41
197424000	10.97
197510400	19.46
197596800	28.83
197683200	33.67
197769600	35.71
197856000	40.98
197942400	50.46
198028800	48.78
198115200	37.77
198201600	30
198288000	28.17
198374400	30.42
198460800	31.52
198547200	32.25
198633600	33.87
198720000	33.74
198806400	33.11
198892800	33.22
198979200	32.58
199065600	30.48
199152000	27.58
199238400	23.94
199324800	20.17
199411200	17.3
199497600	15.16
199584000	13.53
199670400	12.18
199756800	10.89
199843200	9.72
199929600	8.76
200016000	8.04
200102400	7.57
200188800	7.3
200275200	7.16
200361600	7.03
200448000	6.9
200534400	6.72
200620800	6.51
200707200	6.24
200793600	7.32
200880000	9.81
200966400	10.63
201052800	9.59
201139200	9.64
201225600	10.42
201312000	9.85
201398400	8.59
201484800	8.67
201571200	10.86
201657600	12.61
201744000	11.94
201830400	12.59
201916800	15.31
202003200	16.96
202089600	17.62
202176000	24.51
202262400	32.24
202348800	29.37
202435200	23.01
202521600	18.75
202608000	15.56
202694400	14.41
202780800	20
202867200	24.15
202953600	23.49
203040000	27.24
203126400	27.45
203212800	22.1
203299200	17.98
203385600	15.04
203472000	12.83
203558400	11.17
203644800	12.12
203731200	17.09
203817600	19.55
203904000	20.2
203990400	20.22
204076800	16.72
204163200	14.63
204249600	14.33
204336000	13.22
204422400	13.78
204508800	15.35
204595200	19.78
204681600	45.16
204768000	74.54
204854400	73.83
204940800	60.13
205027200	48.73
205113600	44.49
205200000	46.33
205286400	40.57
205372800	33.22
205459200	29.68
205545600	30.36
205632000	37.83
205718400	38.19
205804800	28.76
205891200	22.22
205977600	18.02
206064000	14.77
206150400	11.57
206236800	14.66
206323200	32.19
206409600	40.58
206496000	36.41
206582400	33.05
206668800	30.59
206755200	47.78
206841600	68.29
206928000	62.93
207014400	44.02
207100800	29.76
207187200	21.99
207273600	17.67
207360000	14.82
207446400	12.62
207532800	11
207619200	9.61
207705600	8.67
207792000	8.23
207878400	7.98
207964800	8.74
208051200	10.21
208137600	12.47
208224000	13.86
208310400	12.51
208396800	10.52
208483200	8.92
208569600	7.71
208656000	6.92
208742400	8.52
208828800	12.5
208915200	13.48
209001600	11.33
209088000	9.77
209174400	9.39
209260800	9.59
209347200	11.79
209433600	13.78
209520000	12.59
209606400	14.39
209692800	17.54
209779200	34.84
209865600	47.92
209952000	37.34
210038400	28.18
210124800	22.91
210211200	18.29
210297600	15.14
210384000	13.09
210470400	22.24
210556800	51.7
210643200	60.48
210729600	53.42
210816000	48.31
210902400	33.32
210988800	23.95
211075200	23.92
211161600	28.94
211248000	34.71
211334400	35.32
211420800	28.11
211507200	21.82
211593600	17.78
211680000	16.28
211766400	25.95
211852800	37.21
211939200	33.61
212025600	25.79
212112000	21.7
212198400	18.68
212284800	15.89
212371200	13.76
212457600	12.43
212544000	11.36
212630400	10.15
212716800	8.98
212803200	8
212889600	7.23
212976000	6.97
213062400	7.25
213148800	7.62
213235200	7.85
213321600	7.7
213408000	7.16
213494400	6.49
213580800	6.79
213667200	8.01
213753600	8.71
213840000	8.43
213926400	7.55
214012800	6.69
214099200	6.04
214185600	5.64
214272000	6.85
214358400	8.87
214444800	8.87
214531200	7.64
214617600	6.81
214704000	6.35
214790400	5.93
214876800	5.55
214963200	5.37
215049600	7.61
215136000	14.7
215222400	19.98
215308800	18.36
215395200	15.06
215481600	12.83
215568000	11.27
215654400	10.72
215740800	11.94
215827200	15.8
215913600	20.22
216000000	20.21
216086400	16.48
216172800	13.23
216259200	11.02
216345600	9.48
216432000	8.3
216518400	7.36
216604800	6.72
216691200	6.19
216777600	5.7
216864000	5.3
216950400	4.96
217036800	4.78
217123200	4.73
217209600	4.6
217296000	4.39
217382400	4.25
217468800	4.23
217555200	4.21
217641600	4.25
217728000	7.98
217814400	13.65
217900800	14.77
217987200	16.3
218073600	21.16
218160000	24.15
218246400	21.97
218332800	17.69
218419200	14.58
218505600	12.06
218592000	10.17
218678400	8.64
218764800	8.2
218851200	8.16
218937600	7.45
219024000	6.92
219110400	6.72
219196800	6.68
219283200	6.68
219369600	6.4
219456000	5.83
219542400	5.23
219628800	4.95
219715200	4.7
219801600	4.36
219888000	4.32
219974400	4.29
220060800	4.08
220147200	4.04
220233600	5.14
220320000	10.54
220406400	15.06
220492800	14.76
220579200	13.53
220665600	11.86
220752000	10.89
220838400	10.35
220924800	9.44
221011200	8.8
221097600	8.3
221184000	7.65
221270400	7.12
221356800	6.64
221443200	6.12
221529600	5.74
221616000	5.41
221702400	5.23
221788800	5.28
221875200	5.2
221961600	4.94
222048000	4.71
222134400	4.47
222220800	4.24
222307200	4.14
222393600	4.1
222480000	4.06
222566400	4.04
222652800	3.95
222739200	3.84
222825600	3.68
222912000	3.55
222998400	3.57
223084800	3.62
223171200	3.57
223257600	3.46
223344000	3.32
223430400	3.23
223516800	3.25
223603200	3.23
223689600	3.16
223776000	3.14
223862400	3.1
223948800	2.9
224035200	2.66
224121600	2.57
224208000	2.49
224294400	2.41
224380800	2.36
224467200	2.27
224553600	2.19
224640000	2.1
224726400	2.01
224812800	1.96
224899200	1.98
224985600	1.98
225072000	1.99
225158400	1.98
225244800	1.99
225331200	2.15
225417600	2.23
225504000	2.3
225590400	2.42
225676800	2.48
225763200	2.81
225849600	4.65
225936000	7.15
226022400	8.84
226108800	9.36
226195200	8.73
226281600	8.02
226368000	7.63
226454400	7.58
226540800	7.83
226627200	8.08
226713600	8.2
226800000	8.39
226886400	9.4
226972800	12.02
227059200	15.49
227145600	17.18
227232000	16.74
227318400	17.44
227404800	20.34
227491200	21.08
227577600	19.4
227664000	21.3
227750400	29.44
227836800	39.75
227923200	40.24
228009600	33.08
228096000	29.19
228182400	34.4
228268800	42.49
228355200	41.16
228441600	33.86
228528000	26.7
228614400	21.32
228700800	17.24
228787200	14.09
228873600	11.72
228960000	9.85
229046400	8.54
229132800	7.53
229219200	6.58
229305600	6.01
229392000	6.06
229478400	6.78
229564800	7.52
229651200	7.65
229737600	7.27
229824000	6.75
229910400	6.31
229996800	5.81
230083200	5.46
230169600	5.35
230256000	5.41
230342400	5.82
230428800	6.14
230515200	6.85
230601600	8.7
230688000	10.98
230774400	20.14
230860800	33.77
230947200	38.01
231033600	32.46
231120000	26.59
231206400	24.31
231292800	25.47
231379200	29.33
231465600	32.14
231552000	32.41
231638400	29.1
231724800	23.82
231811200	20.03
231897600	17.98
231984000	17.98
232070400	20.87
232156800	24.36
232243200	24.62
232329600	22.86
232416000	22.17
232502400	24.28
232588800	31.74
232675200	35.88
232761600	32.14
232848000	28.48
232934400	27.42
233020800	28.87
233107200	32.38
233193600	35.89
233280000	36.85
233366400	35.38
233452800	31.9
233539200	27.5
233625600	23.15
233712000	18.77
233798400	15.12
233884800	12.46
233971200	10.51
234057600	8.86
234144000	7.62
234230400	6.83
234316800	6.17
234403200	5.62
234489600	5.19
234576000	5.02
234662400	5.08
234748800	5.18
234835200	5.32
234921600	5.64
235008000	6.34
235094400	6.8
235180800	7.13
235267200	8.81
235353600	10.83
235440000	13.11
235526400	14.23
235612800	12.91
235699200	11.48
235785600	11.82
235872000	14.96
235958400	18.23
236044800	17.67
236131200	14.32
236217600	11.33
236304000	9.35
236390400	8.34
236476800	8.1
236563200	8.63
236649600	8.94
236736000	10.68
236822400	12.65
236908800	11.67
236995200	12.1
237081600	15.02
237168000	15.92
237254400	18.74
237340800	25.18
237427200	32.06
237513600	34.64
237600000	29.33
237686400	22.33
237772800	17.27
237859200	13.68
237945600	11.26
238032000	9.69
238118400	8.8
238204800	7.84
238291200	6.77
238377600	6.12
238464000	5.71
238550400	5.44
238636800	5.2
238723200	4.87
238809600	4.57
238896000	4.3
238982400	4.06
239068800	3.92
239155200	3.83
239241600	3.84
239328000	4.34
239414400	4.91
239500800	5
239587200	5.22
239673600	7.62
239760000	10.46
239846400	10.47
239932800	9.16
240019200	8.11
240105600	7.25
240192000	6.5
240278400	5.91
240364800	5.39
240451200	4.92
240537600	4.6
240624000	4.68
240710400	5.07
240796800	5.19
240883200	5.29
240969600	5.45
241056000	5.33
241142400	5
241228800	4.49
241315200	4.02
241401600	3.56
241488000	3.66
241574400	5.13
241660800	17.45
241747200	26.84
241833600	21.36
241920000	15.81
242006400	12.71
242092800	10.48
242179200	8.64
242265600	7.28
242352000	6.41
242438400	6.04
242524800	6.11
242611200	6.22
242697600	5.85
242784000	5.66
242870400	5.73
242956800	5.65
243043200	5.8
243129600	5.75
243216000	5.81
243302400	6.17
243388800	6.28
243475200	5.92
243561600	5.51
243648000	5.17
243734400	4.77
243820800	4.41
243907200	4.14
243993600	4.32
244080000	5
244166400	5.45
244252800	5.61
244339200	5.75
244425600	5.84
244512000	6.13
244598400	12.97
244684800	25.53
244771200	27.66
244857600	21.47
244944000	17.54
245030400	14.93
245116800	13.34
245203200	12.17
245289600	11.06
245376000	10.18
245462400	9.52
245548800	9.01
245635200	8.79
245721600	9.07
245808000	10.3
245894400	14.09
245980800	23.67
246067200	30.47
246153600	32.55
246240000	26.62
246326400	16.27
246412800	12.55
246499200	10.33
246585600	8.73
246672000	7.47
246758400	6.52
246844800	6.01
246931200	5.72
247017600	5.41
247104000	5.75
247190400	7.55
247276800	9.17
247363200	9.59
247449600	9.11
247536000	7.92
247622400	7.04
247708800	6.54
247795200	6.26
247881600	6.79
247968000	17.75
248054400	28.63
248140800	23.75
248227200	16.17
248313600	13.91
248400000	13.25
248486400	12.33
248572800	12.1
248659200	11.56
248745600	10.91
248832000	14.72
248918400	25.96
249004800	35.73
249091200	39.95
249177600	33.43
249264000	21.36
249350400	15.74
249436800	12.61
249523200	10.56
249609600	8.92
249696000	7.63
249782400	6.72
249868800	6.11
249955200	5.74
250041600	5.44
250128000	5.14
250214400	4.85
250300800	4.57
250387200	4.36
250473600	4.22
250560000	4.08
250646400	3.97
250732800	3.87
250819200	3.8
250905600	3.78
250992000	3.75
251078400	3.68
251164800	3.63
251251200	3.61
251337600	3.59
251424000	3.54
251510400	3.48
251596800	3.5
251683200	3.53
251769600	3.53
251856000	3.49
251942400	3.45
252028800	3.46
252115200	3.48
252201600	3.5
252288000	3.55
252374400	3.73
252460800	3.77
252547200	3.6
252633600	3.46
252720000	3.32
252806400	3.22
252892800	3.09
252979200	2.98
253065600	2.89
253152000	2.77
253238400	2.62
253324800	2.56
253411200	2.48
253497600	2.35
253584000	2.23
253670400	2.12
253756800	2.04
253843200	1.93
253929600	1.88
254016000	1.81
254102400	1.73
254188800	1.68
254275200	1.62
254361600	1.54
254448000	1.48
254534400	1.45
254620800	1.46
254707200	1.52
254793600	1.58
254880000	1.67
254966400	1.73
255052800	1.68
255139200	1.61
255225600	1.59
255312000	1.58
255398400	1.53
255484800	1.48
255571200	1.46
255657600	1.44
255744000	1.41
255830400	1.35
255916800	1.31
256003200	1.29
256089600	1.28
256176000	1.27
256262400	1.24
256348800	1.2
256435200	1.19
256521600	1.18
256608000	1.17
256694400	1.13
256780800	1.08
256867200	1.07
256953600	1.06
257040000	1.06
257126400	1.08
257212800	1.14
257299200	1.16
257385600	1.15
257472000	1.14
257558400	1.1
257644800	1.05
257731200	1.05
257817600	1.02
257904000	0.99
257990400	0.99
258076800	0.99
258163200	0.98
258249600	0.97
258336000	0.97
258422400	0.92
258508800	0.88
258595200	0.91
258681600	0.91
258768000	0.92
258854400	0.98
258940800	0.98
259027200	0.97
259113600	0.97
259200000	0.97
259286400	0.93
259372800	0.89
259459200	0.88
259545600	0.87
259632000	0.86
259718400	0.86
259804800	0.86
259891200	0.85
259977600	0.84
260064000	0.84
260150400	0.83
260236800	0.82
260323200	0.82
260409600	0.82
260496000	0.82
260582400	0.82
260668800	0.81
260755200	0.8
260841600	0.8
260928000	0.8
261014400	0.8
261100800	0.81
261187200	0.82
261273600	0.82
261360000	1.12
261446400	1.7
261532800	3.18
261619200	7.82
261705600	14.06
261792000	17.72
261878400	18.22
261964800	18.21
262051200	17.09
262137600	16.21
262224000	17.36
262310400	17.57
262396800	17.02
262483200	15.94
262569600	14.27
262656000	13.16
262742400	12.87
262828800	12.29
262915200	11.53
263001600	11.73
263088000	13.45
263174400	17.52
263260800	26.25
263347200	40.33
263433600	58.16
263520000	68.84
263606400	71.42
263692800	74.24
263779200	71.86
263865600	63.43
263952000	54.45
264038400	83.8
264124800	108.58
264211200	130.94
264297600	139.52
264384000	101.4
264470400	74.66
264556800	55.63
264643200	46.44
264729600	42.2
264816000	34.78
264902400	27.5
264988800	22.69
265075200	19.84
265161600	19.17
265248000	24.42
265334400	29.1
265420800	29.45
265507200	37.85
265593600	40.72
265680000	30.4
265766400	22.73
265852800	19.82
265939200	17.98
266025600	15.46
266112000	13.06
266198400	10.98
266284800	9.29
266371200	8.27
266457600	8.62
266544000	9.98
266630400	10.36
266716800	9.99
266803200	9.62
266889600	8.71
266976000	7.61
267062400	6.95
267148800	6.66
267235200	22.81
267321600	36.08
267408000	34.43
267494400	33.91
267580800	29.1
267667200	25.31
267753600	23.09
267840000	25.75
267926400	31.04
268012800	27.84
268099200	21.26
268185600	17.75
268272000	16.08
268358400	14.79
268444800	12.8
268531200	10.85
268617600	9.17
268704000	7.74
268790400	6.62
268876800	5.79
268963200	5.02
269049600	4.31
269136000	3.7
269222400	3.27
269308800	2.96
269395200	2.7
269481600	2.46
269568000	2.25
269654400	2.05
269740800	1.87
269827200	1.76
269913600	1.62
270000000	1.47
270086400	1.34
270172800	1.24
270259200	1.14
270345600	1.1
270432000	1.11
270518400	1.13
270604800	1.11
270691200	1.11
270777600	1.14
270864000	2.43
270950400	4.54
271036800	5.59
271123200	13.6
271209600	25.84
271296000	26.5
271382400	21.21
271468800	17.46
271555200	13.63
271641600	10.96
271728000	9.16
271814400	7.84
271900800	6.8
271987200	7.46
272073600	11.39
272160000	16.63
272246400	22.04
272332800	21.8
272419200	16.44
272505600	13.01
272592000	10.66
272678400	8.87
272764800	7.51
272851200	6.45
272937600	5.53
273024000	4.8
273110400	4.28
273196800	3.84
273283200	3.4
273369600	3.06
273456000	2.83
273542400	2.62
273628800	2.45
273715200	2.33
273801600	2.64
273888000	3.46
273974400	3.81
274060800	3.56
274147200	3.42
274233600	3.64
274320000	3.98
274406400	4.02
274492800	4.07
274579200	6.04
274665600	29.29
274752000	51.63
274838400	46.4
274924800	35.08
275011200	26.19
275097600	19.97
275184000	15.89
275270400	13.09
275356800	10.93
275443200	9.39
275529600	8.3
275616000	7.5
275702400	6.7
275788800	5.86
275875200	5.27
275961600	4.81
276048000	4.4
276134400	4.07
276220800	3.94
276307200	4.29
276393600	4.75
276480000	4.83
276566400	4.65
276652800	4.43
276739200	4.36
276825600	4.4
276912000	4.27
276998400	4.05
277084800	3.83
277171200	3.61
277257600	3.45
277344000	3.27
277430400	3.06
277516800	2.91
277603200	2.76
277689600	2.64
277776000	2.91
277862400	9.08
277948800	22.76
278035200	27.33
278121600	24.45
278208000	25.17
278294400	25.26
278380800	22.96
278467200	18.79
278553600	15.38
278640000	13.58
278726400	12.58
278812800	19.27
278899200	35.26
278985600	35.93
279072000	23.43
279158400	16.78
279244800	13.28
279331200	11.21
279417600	9.71
279504000	8.49
279590400	7.65
279676800	7.15
279763200	6.66
279849600	6.2
279936000	6.78
280022400	8.78
280108800	9.85
280195200	9.35
280281600	8.48
280368000	7.38
280454400	6.32
280540800	5.59
280627200	5.03
280713600	4.5
280800000	4.05
280886400	3.66
280972800	3.55
281059200	3.57
281145600	3.42
281232000	3.29
281318400	3.09
281404800	2.94
281491200	2.93
281577600	3.05
281664000	3.11
281750400	2.97
281836800	2.97
281923200	3.04
282009600	2.94
282096000	2.83
282182400	2.82
282268800	2.92
282355200	3.17
282441600	3.32
282528000	4.07
282614400	5.84
282700800	7.42
282787200	7.91
282873600	7.78
282960000	7.57
283046400	7.97
283132800	8.63
283219200	10.01
283305600	15.11
283392000	17.5
283478400	15.07
283564800	15.07
283651200	15.39
283737600	13.38
283824000	11.75
283910400	11.87
283996800	12.09
284083200	11.88
284169600	12.15
284256000	11.76
284342400	10.77
284428800	10.7
284515200	12.3
284601600	13.15
284688000	11.63
284774400	10.12
284860800	8.9
284947200	7.85
285033600	7.35
285120000	7.03
285206400	6.66
285292800	6.47
285379200	6.36
285465600	6.17
285552000	5.83
285638400	5.37
285724800	5.05
285811200	4.85
285897600	4.63
285984000	4.43
286070400	4.26
286156800	4.12
286243200	4.07
286329600	4.06
286416000	4
286502400	3.9
286588800	3.78
286675200	3.81
286761600	3.83
286848000	3.72
286934400	3.59
287020800	3.52
287107200	3.57
287193600	3.68
287280000	3.9
287366400	4.18
287452800	4.21
287539200	4.08
287625600	4.09
287712000	4.12
287798400	4.27
287884800	4.41
287971200	4.22
288057600	3.97
288144000	3.82
288230400	3.73
288316800	3.8
288403200	3.83
288489600	3.74
288576000	4.16
288662400	5.41
288748800	6.44
288835200	6.5
288921600	6.31
289008000	6.16
289094400	6.03
289180800	5.88
289267200	5.62
289353600	5.38
289440000	5.17
289526400	5.99
289612800	8.66
289699200	10.17
289785600	10.12
289872000	10.19
289958400	9.65
290044800	8.95
290131200	8.52
290217600	8.43
290304000	8.07
290390400	7.54
290476800	7.17
290563200	6.87
290649600	7.13
290736000	10.07
290822400	12.69
290908800	11.97
290995200	10.57
291081600	9.51
291168000	8.77
291254400	8.1
291340800	7.5
291427200	7.17
291513600	7.57
291600000	8.8
291686400	9.96
291772800	10.27
291859200	10.04
291945600	9.84
292032000	9.86
292118400	9.71
292204800	11.5
292291200	22.75
292377600	35.35
292464000	36.12
292550400	30.4
292636800	26.17
292723200	24.61
292809600	24.32
292896000	23.08
292982400	20.64
293068800	19.04
293155200	18.68
293241600	19.77
293328000	22.59
293414400	27.91
293500800	37.21
293587200	49.63
293673600	57.29
293760000	54.34
293846400	49.29
293932800	53.13
294019200	61.71
294105600	66.58
294192000	65.2
294278400	57.15
294364800	46.15
294451200	37.46
294537600	31.49
294624000	27.82
294710400	28.08
294796800	42.75
294883200	54.49
294969600	46.3
295056000	37.4
295142400	35.07
295228800	37.46
295315200	43.03
295401600	51.25
295488000	56.24
295574400	55.94
295660800	61.71
295747200	71.14
295833600	78.59
295920000	80.91
296006400	77.17
296092800	77.47
296179200	80.17
296265600	77.95
296352000	71.75
296438400	62.56
296524800	52.11
296611200	43.01
296697600	35.64
296784000	31
296870400	27.79
296956800	24.56
297043200	21.9
297129600	19.6
297216000	17.42
297302400	17.62
297388800	22.32
297475200	24.62
297561600	21.25
297648000	17.55
297734400	14.96
297820800	13.02
297907200	11.39
297993600	10.06
298080000	8.88
298166400	7.84
298252800	7.03
298339200	6.24
298425600	5.49
298512000	4.98
298598400	4.57
298684800	4.11
298771200	3.67
298857600	3.31
298944000	3.03
299030400	2.74
299116800	2.55
299203200	2.58
299289600	2.71
299376000	2.72
299462400	2.74
299548800	3.02
299635200	3.06
299721600	2.78
299808000	2.63
299894400	2.55
299980800	2.78
300067200	5.97
300153600	10.5
300240000	11.27
300326400	9.47
300412800	7.69
300499200	6.33
300585600	5.28
300672000	4.53
300758400	4.04
300844800	3.7
300931200	3.44
301017600	3.21
301104000	2.98
301190400	2.69
301276800	2.41
301363200	2.17
301449600	1.98
301536000	1.8
301622400	1.67
301708800	1.54
301795200	1.59
301881600	1.71
301968000	1.57
302054400	1.38
302140800	1.22
302227200	1.13
302313600	1.35
302400000	5.89
302486400	16.2
302572800	16.86
302659200	9.79
302745600	7.16
302832000	5.76
302918400	4.99
303004800	4.77
303091200	5.39
303177600	8.04
303264000	11.54
303350400	18.22
303436800	23.51
303523200	20.85
303609600	16.08
303696000	13.46
303782400	12.79
303868800	11.83
303955200	10.08
304041600	8.7
304128000	8.03
304214400	7.79
304300800	7.39
304387200	6.82
304473600	6.2
304560000	5.56
304646400	4.95
304732800	5.95
304819200	10.34
304905600	12.39
304992000	10.39
305078400	8.59
305164800	7.15
305251200	6.03
305337600	6.14
305424000	12.09
305510400	24.4
305596800	26.41
305683200	19.01
305769600	14.49
305856000	11.33
305942400	9.45
306028800	7.97
306115200	6.86
306201600	5.98
306288000	5.23
306374400	4.69
306460800	4.29
306547200	3.99
306633600	3.8
306720000	3.58
306806400	3.29
306892800	3.04
306979200	2.87
307065600	2.76
307152000	2.71
307238400	2.73
307324800	2.68
307411200	2.54
307497600	2.51
307584000	2.65
307670400	2.77
307756800	2.82
307843200	2.83
307929600	2.85
308016000	3.47
308102400	9.67
308188800	26.83
308275200	40.59
308361600	36.07
308448000	27.93
308534400	23.59
308620800	18.56
308707200	15.13
308793600	12.73
308880000	11.14
308966400	12.94
309052800	22.03
309139200	29.68
309225600	28.42
309312000	33.71
309398400	46.82
309484800	48.51
309571200	39.9
309657600	30.87
309744000	23.88
309830400	21.35
309916800	22.74
310003200	22.22
310089600	19.43
310176000	19.23
310262400	20.87
310348800	23.03
310435200	27.09
310521600	26.96
310608000	21.55
310694400	17.48
310780800	16.14
310867200	23.08
310953600	33.14
311040000	33.07
311126400	26.43
311212800	28.7
311299200	32.5
311385600	28.45
311472000	23.7
311558400	19.36
311644800	15.76
311731200	13.23
311817600	11.56
311904000	10.35
311990400	9.85
312076800	10.03
312163200	11.21
312249600	11.51
312336000	10.05
312422400	8.74
312508800	7.81
312595200	7.1
312681600	6.54
312768000	6.03
312854400	5.53
312940800	5.05
313027200	4.74
313113600	4.59
313200000	4.27
313286400	4.13
313372800	4.03
313459200	3.81
313545600	3.96
313632000	4.36
313718400	4.27
313804800	3.98
313891200	4.16
313977600	4.22
314064000	4.17
314150400	4.11
314236800	3.98
314323200	4.04
314409600	4.22
314496000	4.26
314582400	4.2
314668800	4.24
314755200	4.24
314841600	3.96
314928000	3.82
315014400	3.87
315100800	3.92
315187200	3.82
315273600	3.53
315360000	3.64
315446400	4.03
315532800	5
315619200	6.11
315705600	6.29
315792000	6.08
315878400	6
315964800	5.98
316051200	5.97
316137600	5.79
316224000	5.95
316310400	6.12
316396800	6.29
316483200	6.82
316569600	6.97
316656000	7.13
316742400	7.31
316828800	6.98
316915200	6.45
317001600	6.06
317088000	5.8
317174400	5.4
317260800	4.93
317347200	4.94
317433600	5.04
317520000	4.78
317606400	4.52
317692800	4.28
317779200	4.23
317865600	4.24
317952000	4.15
318038400	3.9
318124800	3.88
318211200	3.8
318297600	3.58
318384000	3.78
318470400	4.06
318556800	3.99
318643200	3.68
318729600	3.43
318816000	3.21
318902400	3.02
318988800	2.88
319075200	2.81
319161600	2.79
319248000	2.76
319334400	2.72
319420800	2.72
319507200	2.7
319593600	2.71
319680000	3.59
319766400	4.68
319852800	4.68
319939200	4.28
320025600	4.22
320112000	4.38
320198400	4.27
320284800	4.2
320371200	4.24
320457600	4.15
320544000	4.19
320630400	4.12
320716800	3.76
320803200	3.6
320889600	3.67
320976000	3.58
321062400	3.65
321148800	5.59
321235200	7.95
321321600	8.63
321408000	8.56
321494400	8.03
321580800	7.38
321667200	6.84
321753600	6.53
321840000	6.35
321926400	5.97
322012800	5.57
322099200	5.36
322185600	5.33
322272000	5.03
322358400	4.8
322444800	4.87
322531200	4.91
322617600	4.97
322704000	5.13
322790400	5.13
322876800	4.99
322963200	4.89
323049600	4.71
323136000	4.53
323222400	4.16
323308800	3.93
323395200	3.73
323481600	3.54
323568000	3.65
323654400	3.62
323740800	4.01
323827200	5
323913600	5.93
324000000	7.72
324086400	10.1
324172800	12.48
324259200	12.88
324345600	11.6
324432000	11.32
324518400	11.43
324604800	11.42
324691200	11.98
324777600	14.44
324864000	20.42
324950400	27.96
325036800	32.95
325123200	38.69
325209600	38.85
325296000	35.12
325382400	34.49
325468800	30.88
325555200	26.01
325641600	22.34
325728000	19.93
325814400	18.33
325900800	17.39
325987200	17.14
326073600	19.51
326160000	30.31
326246400	49.59
326332800	60.54
326419200	54.09
326505600	42.75
326592000	34.96
326678400	38.39
326764800	48.81
326851200	52.83
326937600	51.54
327024000	48.35
327110400	43.81
327196800	38.79
327283200	34.85
327369600	33.95
327456000	33.96
327542400	32.65
327628800	32.27
327715200	32.45
327801600	31.4
327888000	30.21
327974400	29.51
328060800	28.72
328147200	29.68
328233600	31.1
328320000	35.73
328406400	38.37
328492800	38.19
328579200	46.1
328665600	46.1
328752000	36.59
328838400	31.14
328924800	33.74
329011200	36.41
329097600	31.89
329184000	27.07
329270400	23.13
329356800	20.81
329443200	19.47
329529600	18.05
329616000	16.15
329702400	14.01
329788800	12.16
329875200	10.92
329961600	10.38
330048000	10.07
330134400	9.68
330220800	9.2
330307200	8.78
330393600	8.37
330480000	7.83
330566400	7.19
330652800	6.54
330739200	5.99
330825600	5.65
330912000	5.43
330998400	5.36
331084800	5.64
331171200	5.8
331257600	5.54
331344000	5.2
331430400	4.94
331516800	7.24
331603200	9.73
331689600	18.01
331776000	26.23
331862400	22.56
331948800	16.89
332035200	13.48
332121600	11.06
332208000	9.21
332294400	7.68
332380800	6.43
332467200	5.6
332553600	5.23
332640000	5.02
332726400	4.66
332812800	4.61
332899200	4.68
332985600	4.41
333072000	4.02
333158400	3.7
333244800	3.49
333331200	3.31
333417600	3.1
333504000	3.1
333590400	3.2
333676800	3.07
333763200	3
333849600	3.75
333936000	4.27
334022400	5
334108800	8.02
334195200	9.49
334281600	8.29
334368000	7.13
334454400	6.08
334540800	5.3
334627200	5.54
334713600	5.93
334800000	5.45
334886400	4.78
334972800	4.46
335059200	24.57
335145600	38.5
335232000	26.71
335318400	17.89
335404800	13.05
335491200	10.14
335577600	8.1
335664000	6.69
335750400	5.95
335836800	25.04
335923200	41.73
336009600	53.9
336096000	57.12
336182400	38.42
336268800	27
336355200	20.18
336441600	16.96
336528000	47.76
336614400	73.09
336700800	54.12
336787200	34.82
336873600	24.48
336960000	18.08
337046400	14.03
337132800	11.39
337219200	9.45
337305600	7.91
337392000	7.66
337478400	11.95
337564800	31.17
337651200	91.97
337737600	104.69
337824000	69.4
337910400	55.32
337996800	36.86
338083200	26.05
338169600	19.67
338256000	17.04
338342400	16.48
338428800	16.49
338515200	17.47
338601600	16.57
338688000	13.87
338774400	11.71
338860800	9.91
338947200	8.52
339033600	7.41
339120000	6.52
339206400	5.95
339292800	5.45
339379200	5.02
339465600	4.73
339552000	4.65
339638400	4.81
339724800	5.18
339811200	5.52
339897600	5.62
339984000	5.67
340070400	5.65
340156800	5.42
340243200	5.13
340329600	4.79
340416000	4.41
340502400	4.2
340588800	4.16
340675200	4.01
340761600	3.81
340848000	3.72
340934400	3.71
341020800	3.68
341107200	3.64
341193600	3.59
341280000	3.47
341366400	3.28
341452800	3.16
341539200	3.12
341625600	3.19
341712000	3.23
341798400	3.22
341884800	3.19
341971200	3.09
342057600	3.01
342144000	3.12
342230400	7.01
342316800	14.36
342403200	21.18
342489600	21.87
342576000	17.51
342662400	15.41
342748800	19.58
342835200	21.46
342921600	17.09
343008000	14.56
343094400	12.89
343180800	11.2
343267200	9.8
343353600	8.49
343440000	7.27
343526400	6.3
343612800	5.81
343699200	5.56
343785600	5.08
343872000	4.69
343958400	4.87
344044800	6.65
344131200	8.1
344217600	7.97
344304000	7.6
344390400	7.19
344476800	6.93
344563200	7.12
344649600	16.9
344736000	37.66
344822400	41.6
344908800	30.99
344995200	28.32
345081600	29.45
345168000	27.25
345254400	21.92
345340800	17.31
345427200	14.04
345513600	11.62
345600000	10.1
345686400	9.29
345772800	8.62
345859200	9.62
345945600	21.85
346032000	33.04
346118400	30.82
346204800	26.71
346291200	25.93
346377600	27.69
346464000	24.37
346550400	18.51
346636800	15.51
346723200	13.16
346809600	11.71
346896000	11.4
346982400	11.28
347068800	10.53
347155200	9.43
347241600	8.39
347328000	7.56
347414400	6.61
347500800	6.01
347587200	5.92
347673600	5.62
347760000	5.35
347846400	5.17
347932800	4.85
348019200	4.68
348105600	4.54
348192000	4.26
348278400	3.99
348364800	3.82
348451200	3.77
348537600	3.69
348624000	3.6
348710400	3.52
348796800	3.43
348883200	3.31
348969600	3.1
349056000	2.89
349142400	2.97
349228800	3.62
349315200	3.92
349401600	4.04
349488000	4.57
349574400	4.68
349660800	4.83
349747200	5.07
349833600	4.91
349920000	4.61
350006400	4.41
350092800	4.37
350179200	4.92
350265600	5.94
350352000	6.23
350438400	5.8
350524800	5.14
350611200	4.75
350697600	4.64
350784000	4.53
350870400	4.53
350956800	4.59
351043200	4.4
351129600	3.9
351216000	3.55
351302400	2.62
351388800	2.61
351475200	3.25
351561600	3.01
351648000	2.87
351734400	2.74
351820800	2.64
351907200	2.58
351993600	2.52
352080000	2.49
352166400	2.58
352252800	2.91
352339200	3.1
352425600	2.96
352512000	2.73
352598400	2.61
352684800	2.51
352771200	2.36
352857600	2.24
352944000	2.16
353030400	2.08
353116800	2
353203200	1.99
353289600	2.81
353376000	4.53
353462400	6.13
353548800	7.97
353635200	9.81
353721600	10.01
353808000	9.01
353894400	8.03
353980800	7.21
354067200	6.55
354153600	6.07
354240000	5.65
354326400	5.34
354412800	8.6
354499200	15.41
354585600	20.67
354672000	19.5
354758400	14.5
354844800	11.38
354931200	9.63
355017600	9.15
355104000	10.81
355190400	19.25
355276800	28.05
355363200	29
355449600	25.92
355536000	21.79
355622400	18.15
355708800	15.57
355795200	14.91
355881600	15.31
355968000	15.75
356054400	17.18
356140800	17.95
356227200	16.91
356313600	16.19
356400000	16.04
356486400	16.02
356572800	16.97
356659200	17.14
356745600	15.28
356832000	13.24
356918400	11.78
357004800	10.61
357091200	9.52
357177600	8.74
357264000	8.35
357350400	8.46
357436800	8.82
357523200	9.27
357609600	14.83
357696000	20.89
357782400	22.31
357868800	25.75
357955200	34.92
358041600	46.76
358128000	55.26
358214400	60.08
358300800	61.83
358387200	60.8
358473600	55.63
358560000	46.28
358646400	37.23
358732800	31.12
358819200	27.45
358905600	25.39
358992000	25.85
359078400	30.85
359164800	35.85
359251200	47.63
359337600	59.24
359424000	56.8
359510400	47.69
359596800	37.54
359683200	30.3
359769600	26.44
359856000	24.09
359942400	43.71
360028800	56.87
360115200	42.43
360201600	31.52
360288000	24.37
360374400	19.38
360460800	15.75
360547200	12.93
360633600	10.72
360720000	9.02
360806400	7.57
360892800	6.46
360979200	5.67
361065600	4.97
361152000	4.4
361238400	3.91
361324800	3.54
361411200	3.42
361497600	3.3
361584000	3.06
361670400	2.78
361756800	2.88
361843200	3.19
361929600	3.18
362016000	2.98
362102400	3.02
362188800	3.19
362275200	3.71
362361600	4.49
362448000	4.64
362534400	4.41
362620800	5.07
362707200	7.35
362793600	9.63
362880000	9.98
362966400	8.82
363052800	7.53
363139200	6.43
363225600	5.54
363312000	4.89
363398400	4.3
363484800	3.99
363571200	4.08
363657600	4.08
363744000	4.15
363830400	4.64
363916800	4.73
364003200	4.15
364089600	3.63
364176000	3.26
364262400	2.95
364348800	2.74
364435200	2.56
364521600	2.64
364608000	5.49
364694400	7.2
364780800	18.66
364867200	28.04
364953600	22.9
365040000	20.51
365126400	20.7
365212800	21.4
365299200	19.22
365385600	15.05
365472000	12.06
365558400	10.1
365644800	10.52
365731200	12.14
365817600	14.04
365904000	13.65
365990400	13.09
366076800	13.95
366163200	13.26
366249600	11.57
366336000	9.64
366422400	9.45
366508800	9.39
366595200	8.43
366681600	7.39
366768000	6.48
366854400	5.7
366940800	5.25
367027200	5.22
367113600	5.59
367200000	6.27
367286400	6.54
367372800	6.22
367459200	5.85
367545600	7.28
367632000	8.94
367718400	8.61
367804800	7.81
367891200	7.05
367977600	6.39
368064000	5.81
368150400	5.38
368236800	5.1
368323200	4.75
368409600	4.39
368496000	4.08
368582400	3.82
368668800	3.61
368755200	3.44
368841600	3.78
368928000	9.85
369014400	14.22
369100800	12.16
369187200	10.66
369273600	9.36
369360000	8.38
369446400	7.65
369532800	6.91
369619200	6.21
369705600	5.62
369792000	5.16
369878400	5.21
369964800	5.6
370051200	5.74
370137600	5.52
370224000	5.4
370310400	7.34
370396800	11.27
370483200	17.5
370569600	22.5
370656000	21.88
370742400	19.1
370828800	15.93
370915200	13.07
371001600	11.15
371088000	9.59
371174400	8.37
371260800	7.39
371347200	6.61
371433600	5.99
371520000	5.47
371606400	5.1
371692800	5.03
371779200	5.26
371865600	5.58
371952000	5.85
372038400	6.39
372124800	7.53
372211200	8.33
372297600	8.05
372384000	7.34
372470400	6.68
372556800	6.05
372643200	5.58
372729600	5.26
372816000	4.95
372902400	4.76
372988800	4.79
373075200	4.8
373161600	4.67
373248000	4.78
373334400	5.03
373420800	4.91
373507200	4.49
373593600	4.26
373680000	4.48
373766400	4.49
373852800	4.04
373939200	3.75
374025600	3.6
374112000	3.45
374198400	3.25
374284800	3.16
374371200	3.16
374457600	3.16
374544000	3.44
374630400	4.08
374716800	4.63
374803200	4.83
374889600	4.87
374976000	4.87
375062400	4.8
375148800	5.03
375235200	7.59
375321600	9.4
375408000	8.84
375494400	10.83
375580800	11.73
375667200	9.74
375753600	8.46
375840000	7.44
375926400	6.61
376012800	5.86
376099200	5.37
376185600	4.92
376272000	4.53
376358400	4.26
376444800	4.07
376531200	4.64
376617600	6.36
376704000	8.32
376790400	8.74
376876800	7.95
376963200	6.98
377049600	6.07
377136000	5.62
377222400	5.37
377308800	4.94
377395200	4.59
377481600	4.35
377568000	4.26
377654400	4.29
377740800	4.41
377827200	4.56
377913600	4.72
378000000	4.81
378086400	5.07
378172800	5.31
378259200	5.13
378345600	4.86
378432000	4.94
378518400	8.77
378604800	12.01
378691200	10.7
378777600	9.4
378864000	8.3
378950400	7.08
379036800	6.57
379123200	6.16
379209600	5.5
379296000	5.14
379382400	5.11
379468800	5.14
379555200	5.02
379641600	4.66
379728000	4.18
379814400	3.87
379900800	3.92
379987200	3.91
380073600	3.56
380160000	3.24
380246400	3.22
380332800	3.32
380419200	3.27
380505600	3.16
380592000	3.04
380678400	2.93
380764800	2.84
380851200	2.73
380937600	2.64
381024000	2.65
381110400	2.64
381196800	2.51
381283200	2.43
381369600	2.4
381456000	2.38
381542400	2.36
381628800	2.35
381715200	2.34
381801600	2.29
381888000	2.24
381974400	2.25
382060800	2.18
382147200	2.11
382233600	2.1
382320000	2.07
382406400	2.05
382492800	2.04
382579200	2.01
382665600	1.94
382752000	1.88
382838400	1.82
382924800	1.79
383011200	1.84
383097600	2.05
383184000	2.2
383270400	1.64
383356800	1.15
383443200	1.18
383529600	1.2
383616000	1.28
383702400	1.33
383788800	1.85
383875200	2.3
383961600	2.16
384048000	2.16
384134400	2.03
384220800	1.81
384307200	1.87
384393600	1.94
384480000	1.85
384566400	1.77
384652800	1.75
384739200	1.71
384825600	1.8
384912000	2
384998400	2.2
385084800	2.35
385171200	2.33
385257600	2.19
385344000	2.21
385430400	2.24
385516800	2.13
385603200	2.03
385689600	1.94
385776000	1.9
385862400	2.83
385948800	6.16
386035200	10.11
386121600	12.01
386208000	12.05
386294400	16.26
386380800	23.17
386467200	26.78
386553600	27.14
386640000	24.9
386726400	22.02
386812800	19.62
386899200	20.57
386985600	23.01
387072000	24.78
387158400	27.74
387244800	27.09
387331200	22.6
387417600	19.2
387504000	16.64
387590400	14.39
387676800	12.52
387763200	10.99
387849600	9.68
387936000	8.6
388022400	8.31
388108800	9.09
388195200	9.37
388281600	8.78
388368000	8.29
388454400	7.64
388540800	6.92
388627200	6.51
388713600	6.33
388800000	6.13
388886400	5.92
388972800	6.02
389059200	4.78
389145600	3.69
389232000	8.84
389318400	16.39
389404800	24.2
389491200	30.19
389577600	29.75
389664000	26.31
389750400	22.66
389836800	19.42
389923200	16.63
390009600	15.66
390096000	19.82
390182400	26.38
390268800	44.33
390355200	62.88
390441600	118.1
390528000	132.3
390614400	79.14
390700800	58.65
390787200	45.86
390873600	33.42
390960000	25.42
391046400	20.2
391132800	16.7
391219200	14.09
391305600	11.97
391392000	10.33
391478400	8.96
391564800	7.69
391651200	6.63
391737600	6.13
391824000	5.87
391910400	5.5
391996800	5.19
392083200	5.49
392169600	41.49
392256000	63.15
392342400	43.79
392428800	54.42
392515200	56.57
392601600	35.91
392688000	24.99
392774400	18.32
392860800	14.25
392947200	13.59
393033600	13.12
393120000	10.77
393206400	9.11
393292800	7.85
