#1
double power(3601,2)  # Flow variation
0	-231576.2565
1	-231040.751
2	-230902.0463
3	-230791.4337
4	-230763.3416
5	-230677.3096
6	-230686.0884
7	-231003.8801
8	-231193.5018
9	-230968.765
10	-230594.7891
11	-230884.4888
12	-231135.5618
13	-230775.6319
14	-230863.4197
15	-230996.8571
16	-230770.3646
17	-230231.3477
18	-229581.7181
19	-229932.8692
20	-229723.9343
21	-229892.4868
22	-229594.0084
23	-229910.0444
24	-230262.9513
25	-230494.711
26	-230759.8301
27	-231009.1474
28	-231446.3306
29	-231419.9942
30	-231339.2295
31	-231246.1744
32	-231330.4507
33	-231502.5147
34	-231225.1054
35	-231072.3546
36	-230749.2956
37	-230629.9042
38	-230094.3987
39	-229966.2286
40	-229978.5188
41	-230004.8552
42	-230003.0994
43	-229780.1185
44	-229783.63
45	-230027.68
46	-230291.0434
47	-230547.3837
48	-230900.2906
49	-230482.4207
50	-230882.733
51	-231005.6359
52	-231063.5758
53	-230988.0783
54	-231218.0823
55	-231137.3176
56	-231051.2855
57	-230859.9082
58	-230463.1074
59	-230568.4527
60	-230596.5448
61	-230312.1124
62	-230229.5919
63	-230338.4488
64	-229806.4548
65	-229451.7922
66	-229722.1785
67	-229704.621
68	-230298.0664
69	-230521.0473
70	-230303.3336
71	-230331.4257
72	-230092.643
73	-230039.9703
74	-230494.711
75	-230759.8301
76	-230450.8171
77	-230329.67
78	-229808.2105
79	-229644.9253
80	-229903.0214
81	-229918.8232
82	-230234.8592
83	-230378.8311
84	-230264.707
85	-230196.2325
86	-230420.9693
87	-230563.1855
88	-231042.5068
89	-231321.6719
90	-231283.0453
91	-231332.2064
92	-231416.4827
93	-231135.5618
94	-231005.6359
95	-231207.5478
96	-231184.723
97	-231214.5708
98	-230928.3826
99	-230933.6499
100	-230735.2495
101	-230368.2966
102	-230306.8452
103	-230796.701
104	-231112.737
105	-231146.0963
106	-231151.3636
107	-231344.4967
108	-231616.6389
109	-231546.4086
110	-231665.8
111	-232257.4897
112	-232108.2504
113	-232173.2134
114	-232232.9091
115	-232046.799
116	-232016.9511
117	-231804.5047
118	-231674.5788
119	-231453.3536
120	-231658.777
121	-231477.9342
122	-231790.4587
123	-231816.795
124	-231455.1093
125	-231700.9151
126	-231960.767
127	-231881.758
128	-232340.0102
129	-232814.0642
130	-232649.0232
131	-232536.6548
132	-232740.3225
133	-232480.4706
134	-232450.6228
135	-232080.1583
136	-231539.3856
137	-231377.8561
138	-230717.692
139	-230377.0754
140	-230094.3987
141	-229757.2936
142	-228930.3327
143	-228624.8312
144	-228491.3938
145	-228575.6701
146	-228512.4629
147	-228436.9654
148	-228695.0615
149	-228905.7521
150	-229504.4648
151	-229722.1785
152	-230097.9102
153	-230375.3196
154	-230909.0693
155	-231110.9812
156	-231865.9562
157	-232113.5177
158	-231978.3245
159	-232004.6609
160	-231560.4547
161	-231623.6619
162	-231762.3666
163	-231967.79
164	-231602.5928
165	-231688.6248
166	-231153.1194
167	-230921.3596
168	-230765.0974
169	-230499.9783
170	-230677.3096
171	-230663.2635
172	-230452.5729
173	-230094.3987
174	-230024.1685
175	-229727.4458
176	-229773.0954
177	-229746.7591
178	-229969.7401
179	-229980.2746
180	-229866.1505
181	-229414.9213
182	-229263.9263
183	-229404.3868
184	-229049.7241
185	-229321.8662
186	-229476.3727
187	-229557.1375
188	-229299.0414
189	-229321.8662
190	-229130.4889
191	-229551.8702
192	-229578.2066
193	-229543.0914
194	-229611.5659
195	-229214.7651
196	-229051.4799
197	-229002.3187
198	-229074.3047
199	-228933.8442
200	-228830.2547
201	-228593.2276
202	-228459.7902
203	-228087.57
204	-228308.7952
205	-228391.3157
206	-228254.3668
207	-228363.2237
208	-228526.5089
209	-228951.4018
210	-228874.1485
211	-228990.0284
212	-229232.3227
213	-229514.9994
214	-229637.9023
215	-229766.0724
216	-229843.3257
217	-229399.1195
218	-229393.8522
219	-229153.3137
220	-229620.3447
221	-229890.7311
222	-230276.9973
223	-230363.0293
224	-230571.9643
225	-230368.2966
226	-230391.1214
227	-230909.0693
228	-231140.8291
229	-231149.6079
230	-231019.6819
231	-230947.696
232	-230449.0614
233	-230470.1304
234	-230471.8862
235	-230219.0574
236	-229694.0864
237	-229548.3587
238	-229042.7011
239	-228724.9093
240	-228774.0705
241	-228717.8863
242	-228712.619
243	-228547.578
244	-228414.1406
245	-228589.7161
246	-229177.8943
247	-229026.8993
248	-229204.2306
249	-229084.8392
250	-228503.6841
251	-228517.7302
252	-228487.8823
253	-228221.0074
254	-227954.1326
255	-227857.566
256	-227757.488
257	-228054.2107
258	-227962.9114
259	-228120.9294
260	-228644.1446
261	-228419.4078
262	-228498.4168
263	-228816.2086
264	-229183.1615
265	-229284.9954
266	-229211.2536
267	-228937.3557
268	-229032.1666
269	-229112.9313
270	-229047.9684
271	-229255.1475
272	-229102.3968
273	-229007.586
274	-228526.5089
275	-228343.9103
276	-228642.3888
277	-228642.3888
278	-228566.8913
279	-228619.564
280	-228438.7211
281	-228535.2877
282	-228612.541
283	-228403.606
284	-228788.1165
285	-228979.4939
286	-228847.8122
287	-228735.4439
288	-228510.7071
289	-228440.4769
290	-228573.9143
291	-228342.1546
292	-228589.7161
293	-228914.5309
294	-228705.596
295	-228582.6931
296	-228315.8183
297	-228422.9193
298	-228624.8312
299	-228946.1345
300	-229292.0184
301	-229386.8292
302	-229304.3087
303	-229255.1475
304	-229760.8051
305	-229816.9893
306	-230213.7901
307	-230459.5959
308	-230370.0524
309	-230222.5689
310	-230008.3667
311	-230150.5829
312	-230150.5829
313	-230212.0343
314	-229938.1365
315	-230203.2556
316	-230329.67
317	-230206.7671
318	-230515.7801
319	-230536.8491
320	-230661.5078
321	-230617.6139
322	-230536.8491
323	-231093.4237
324	-230893.2675
325	-230638.683
326	-230436.7711
327	-230596.5448
328	-230852.8852
329	-230986.3226
330	-231072.3546
331	-230898.5348
332	-230824.7931
333	-230396.3887
334	-230566.697
335	-230556.1625
336	-230403.4117
337	-230471.8862
338	-230185.698
339	-230131.2696
340	-229853.8602
341	-229980.2746
342	-230108.4448
343	-229616.8332
344	-229509.7321
345	-229481.64
346	-229281.4839
347	-228802.1626
348	-228537.0435
349	-228315.8183
350	-228465.0575
351	-228328.1085
352	-228212.2287
353	-228463.3017
354	-228533.532
355	-228537.0435
356	-228767.0475
357	-229290.2626
358	-229551.8702
359	-229760.8051
360	-229760.8051
361	-230069.8181
362	-230147.0714
363	-230614.1024
364	-230910.8251
365	-231119.76
366	-231355.0313
367	-231167.1654
368	-231058.3086
369	-231407.7039
370	-231600.8371
371	-231602.5928
372	-231709.6939
373	-231439.3075
374	-231412.9712
375	-231272.5108
376	-230754.5628
377	-230729.9823
378	-230605.3236
379	-230391.1214
380	-230213.7901
381	-229873.1735
382	-230032.9473
383	-229897.7541
384	-229599.2756
385	-229537.8242
386	-229846.8372
387	-229931.1134
388	-230071.5739
389	-229788.8972
390	-229878.4408
391	-229878.4408
392	-229671.2616
393	-229848.5929
394	-229838.0584
395	-230068.0624
396	-229910.0444
397	-229880.1965
398	-229699.3537
399	-229734.4688
400	-229597.5199
401	-229739.7361
402	-229360.4929
403	-229191.9403
404	-229223.5439
405	-229104.1525
406	-229169.1155
407	-228860.1025
408	-229000.563
409	-229049.7241
410	-229126.9774
411	-228740.7111
412	-229062.0144
413	-229002.3187
414	-228570.4028
415	-228347.4219
416	-228278.9474
417	-228401.8503
418	-228273.6801
419	-228206.9614
420	-227998.0265
421	-228428.1866
422	-228582.6931
423	-228635.3658
424	-228898.7291
425	-229100.641
426	-229307.8202
427	-229378.0504
428	-229400.8752
429	-229248.1245
430	-229263.9263
431	-229093.618
432	-228795.1395
433	-228926.8212
434	-229102.3968
435	-228905.7521
436	-228403.606
437	-228187.6481
438	-228103.3718
439	-228041.9204
440	-227822.4509
441	-227782.0685
442	-228066.501
443	-227743.4419
444	-227529.2397
445	-227513.4379
446	-228024.3628
447	-228477.3478
448	-228537.0435
449	-228651.1676
450	-228698.573
451	-228900.4849
452	-228782.8493
453	-228740.7111
454	-228858.3467
455	-228893.4619
456	-228496.6611
457	-227961.1556
458	-227875.1236
459	-227920.7732
460	-228250.8553
461	-228154.2887
462	-228141.9984
463	-228164.8233
464	-228031.3858
465	-227971.6901
466	-228099.8603
467	-228384.2927
468	-228656.4348
469	-228884.6831
470	-228563.3798
471	-228587.9604
472	-228858.3467
473	-229112.9313
474	-229450.0364
475	-229664.2386
476	-229903.0214
477	-230168.1405
478	-230205.0113
479	-230004.8552
480	-230022.4127
481	-230003.0994
482	-229323.622
483	-229318.3547
484	-229374.5389
485	-229195.4518
486	-229191.9403
487	-228956.6691
488	-228719.6421
489	-228853.0795
490	-228530.0204
491	-228663.4579
492	-229153.3137
493	-229056.7471
494	-229007.586
495	-228902.2406
496	-228614.2967
497	-228682.7712
498	-228724.9093
499	-228770.559
500	-229311.3317
501	-229018.1205
502	-228923.3097
503	-228619.564
504	-228652.9233
505	-228686.2827
506	-228463.3017
507	-228352.6891
508	-228336.8873
509	-228091.0815
510	-228020.8513
511	-228019.0955
512	-227894.4369
513	-228398.3388
514	-228101.6161
515	-228140.2427
516	-228538.7992
517	-228496.6611
518	-228514.2186
519	-228616.0525
520	-228517.7302
521	-228688.0384
522	-228612.541
523	-228073.524
524	-228250.8553
525	-228250.8553
526	-228187.6481
527	-228203.4499
528	-227804.8934
529	-227706.571
530	-227590.6912
531	-227608.2487
532	-227820.6952
533	-227999.7822
534	-228019.0955
535	-227987.4919
536	-228245.588
537	-228400.0945
538	-229004.0745
539	-229095.3738
540	-229286.7511
541	-229511.4878
542	-229402.631
543	-229555.3817
544	-229831.0354
545	-229992.5649
546	-229962.717
547	-230164.6289
548	-230368.2966
549	-230559.674
550	-230547.3837
551	-230473.6419
552	-230408.679
553	-230531.5819
554	-230150.5829
555	-230317.3797
556	-230273.4858
557	-230420.9693
558	-230294.5549
559	-230085.6199
560	-229804.699
561	-229657.2156
562	-229644.9253
563	-229606.2986
564	-229850.3487
565	-229801.1875
566	-229982.0304
567	-229759.0494
568	-229939.8922
569	-230327.9142
570	-231030.2165
571	-231934.4306
572	-232427.798
573	-232447.1113
574	-232617.4196
575	-232938.7229
576	-232870.2484
577	-232771.9261
578	-232354.0562
579	-232001.1493
580	-231714.9612
581	-230995.1014
582	-230677.3096
583	-230471.8862
584	-230085.6199
585	-229730.9573
586	-229874.9293
587	-230029.4358
588	-230027.68
589	-230285.7761
590	-230368.2966
591	-230514.0243
592	-230533.3376
593	-230924.8711
594	-230952.9632
595	-230872.1985
596	-230556.1625
597	-230380.5869
598	-230586.0103
599	-230312.1124
600	-230219.0574
601	-229729.2015
602	-229481.64
603	-229225.2997
604	-229302.5529
605	-229400.8752
606	-229241.1015
607	-229142.7792
608	-228972.4709
609	-229134.0004
610	-229040.9453
611	-229163.8482
612	-229702.8652
613	-229748.5149
614	-229999.5879
615	-230212.0343
616	-230619.3697
617	-230912.5808
618	-231209.3036
619	-230794.9452
620	-230744.0283
621	-230740.5168
622	-230392.8772
623	-230549.1394
624	-230614.1024
625	-230389.3657
626	-230108.4448
627	-229824.0123
628	-229550.1145
629	-229801.1875
630	-229846.8372
631	-230113.712
632	-230055.7721
633	-229507.9763
634	-229299.0414
635	-229237.59
636	-228953.1576
637	-228961.9363
638	-228833.7662
639	-228614.2967
640	-228398.3388
641	-227934.8193
642	-228217.4959
643	-228373.7582
644	-228236.8092
645	-228045.4319
646	-228191.1596
647	-227931.3078
648	-227580.1566
649	-227764.511
650	-227687.2577
651	-227745.1977
652	-227207.9364
653	-227037.6281
654	-227060.453
655	-226893.6562
656	-226551.2838
657	-226561.8184
658	-226570.5971
659	-226165.0176
660	-226259.8284
661	-226215.9345
662	-226496.8554
663	-226768.9975
664	-226554.7953
665	-226668.9195
666	-226886.6332
667	-227078.0105
668	-227413.3599
669	-227919.0175
670	-227913.7502
671	-227831.2297
672	-227690.7692
673	-227471.2998
674	-227429.1617
675	-227566.1106
676	-227831.2297
677	-227620.539
678	-227353.6642
679	-226958.6191
680	-227025.3379
681	-227002.513
682	-227160.531
683	-227188.6231
684	-227253.5861
685	-227128.9274
686	-227081.522
687	-227225.494
688	-227485.3458
689	-227473.0555
690	-226977.9325
691	-226867.3198
692	-226500.3669
693	-226265.0957
694	-226358.1507
695	-226517.9245
696	-225901.6542
697	-225712.0326
698	-225327.5221
699	-225469.7384
700	-225727.8344
701	-225610.1988
702	-225824.401
703	-226349.3719
704	-226240.5151
705	-225894.6312
706	-225975.396
707	-226068.451
708	-226129.9025
709	-226129.9025
710	-225978.9075
711	-225527.6783
712	-225160.7254
713	-224821.8645
714	-224477.7364
715	-224614.6854
716	-224509.34
717	-224396.9717
718	-224316.2069
719	-224374.1468
720	-224223.1519
721	-224621.7084
722	-224667.358
723	-224365.3681
724	-224607.6623
725	-224344.299
726	-224389.9486
727	-224468.9576
728	-224856.9796
729	-224862.2469
730	-225287.1398
731	-225675.1618
732	-225975.396
733	-226078.9856
734	-226010.5111
735	-226400.2888
736	-226763.7303
737	-226877.8544
738	-227020.0706
739	-226895.4119
740	-226691.7443
741	-226560.0626
742	-226488.0766
743	-226649.6061
744	-226965.6422
745	-226944.5731
746	-226909.458
747	-227130.6832
748	-226772.509
749	-226944.5731
750	-226963.8864
751	-227046.4069
752	-227258.8534
753	-227257.0976
754	-227462.521
755	-227325.5721
756	-227025.3379
757	-226784.7993
758	-226751.44
759	-226805.8684
760	-226904.1907
761	-226953.3519
762	-226895.4119
763	-226955.1076
764	-226765.486
765	-226656.6292
766	-226725.1036
767	-226653.1177
768	-227023.5821
769	-226984.9555
770	-227304.503
771	-227511.6822
772	-227560.8433
773	-227467.7883
774	-227358.9314
775	-227492.3689
776	-227441.4519
777	-227947.1096
778	-228154.2887
779	-228501.9284
780	-228424.6751
781	-228598.4949
782	-228768.8032
783	-229186.6731
784	-229646.681
785	-229987.2976
786	-230219.0574
787	-230117.2235
788	-229890.7311
789	-229760.8051
790	-230089.1315
791	-229927.6019
792	-230015.3897
793	-229952.1825
794	-229806.4548
795	-229903.0214
796	-230010.1224
797	-229752.0264
798	-229425.4558
799	-229578.2066
800	-229471.1055
801	-229824.0123
802	-230154.0944
803	-230303.3336
804	-230422.725
805	-229256.9033
806	-223380.3891
807	-214891.3106
808	-202850.3384
809	-190409.0539
810	-177943.1889
811	-165036.6291
812	-152096.7101
813	-139571.1493
814	-126826.1191
815	-115178.4362
816	-108629.4676
817	-104680.7732
818	-104587.7181
819	-104329.6221
820	-103980.2267
821	-103925.7983
822	-103838.0105
823	-103446.477
824	-103107.6161
825	-102821.428
826	-102621.2718
827	-102440.429
828	-102256.0746
829	-101822.403
830	-101537.9706
831	-101330.7914
832	-101088.4971
833	-101120.1007
834	-101128.8795
835	-101257.0497
836	-101371.1738
837	-101146.4371
838	-101002.4651
839	-101306.2108
840	-101592.399
841	124848.3639
842	171897.8266
843	176668.2147
844	188449.3351
845	222274.2868
846	269818.713
847	330364.5098
848	405506.2225
849	498200.2243
850	615604.5715
851	520398.4025
852	631847.865
853	809987.9498
854	992254.2199
855	1159582.361
856	1329669.114
857	1496243.398
858	1657503.648
859	1808726.084
860	1943614.884
861	2071197.506
862	2171534.153
863	2256913.676
864	2333945.54
865	2415074.539
866	2490698.606
867	2608476.609
868	2880588.248
869	3330255.623
870	3955965.115
871	4759905.513
872	5702701.76
873	6817711.3
874	8053640.05
875	9444169.15
876	10970132.45
877	12609219.09
878	14241199.07
879	15845350.79
880	17401750.76
881	18929721.53
882	20454093.95
883	21946743.87
884	23469922.38
885	24970619.4
886	26456448.52
887	27910455.37
888	29360568.27
889	30791185.9
890	32226727.79
891	33647952.29
892	35085323.35
893	36508188.04
894	37959012.19
895	39429548.84
896	40922839.6
897	42439113.84
898	43965398.77
899	45517430.73
900	47065683.19
901	48650957.99
902	50212778.93
903	51746529.33
904	53253081.63
905	54692325.45
906	56146064.63
907	57539972.12
908	58919714.02
909	60228001.77
910	61526792.15
911	62767708.05
912	64000781.94
913	65268403.52
914	66495067.78
915	67776581.69
916	69017609
917	70271914.45
918	71526894.58
919	72849550.16
920	74162091.94
921	75495507.43
922	76827571.94
923	78156316.48
924	79542731.68
925	80915062.06
926	82326519.29
927	83786511.98
928	85237843.86
929	86692440.16
930	88205495.47
931	89722424.45
932	91256711.31
933	92783827.66
934	94247375.93
935	95694169.33
936	97074479.62
937	98396358.67
938	99669341.37
939	100885812.4
940	102023559.7
941	103116879.8
942	104180576.1
943	105212369.5
944	106229595.3
945	107214386
946	108210431.4
947	109230671
948	110285631.2
949	111349271.3
950	112444982.2
951	113542169.4
952	114652257.9
953	115800154.2
954	116969329.4
955	118160069.6
956	119356564.1
957	120559793.8
958	121756536.5
959	122941545.3
960	124095926.5
961	125253171.1
962	126364329.3
963	127388697.6
964	128325150.2
965	129178915.3
966	129938218.1
967	130579534.2
968	131116063.8
969	131558656.1
970	131908609.2
971	132168638.2
972	132357565.6
973	132509873.9
974	132641842.9
975	132755463.1
976	132864872.5
977	132977721.2
978	133091194.4
979	133204543.7
980	133335600.2
981	133469151.4
982	133616475.1
983	133773645.1
984	133940150.7
985	134120553.4
986	134307566.1
987	134521751.5
988	134739622.4
989	134969115.7
990	135184338.7
991	135407746.8
992	135633517.1
993	135878036
994	136121142.7
995	136363716.3
996	136596170.6
997	136800972.6
998	136997024.4
999	137183708.5
1000	137368955.4
1001	137541782.9
1002	137705803.2
1003	137841929.6
1004	137971241.7
1005	138086721.6
1006	138194170.8
1007	138286207
1008	138378799.2
1009	138474767.2
1010	138566601.7
1011	138645118.1
1012	138713809.8
1013	138773254.9
1014	138822889.2
1015	138861215.7
1016	138894170
1017	138927233.9
1018	138953577.2
1019	138961762.7
1020	138959625.5
1021	138948588.3
1022	138923415.1
1023	138881726.9
1024	138827107.3
1025	138762576.9
1026	138678564
1027	138581133.7
1028	138471760.1
1029	138345826.9
1030	138206641.7
1031	138053136.5
1032	137884014.8
1033	137695428.3
1034	137484270.9
1035	137276793.2
1036	137056294.8
1037	136830464
1038	136585791.5
1039	136346368.7
1040	136112560.1
1041	135882138.9
1042	135658498.3
1043	135432568.4
1044	135224182.9
1045	135019720.8
1046	134836059.4
1047	134664204.4
1048	134517976.8
1049	134380456.3
1050	134249335.6
1051	134131706.2
1052	134025967.8
1053	133950903.5
1054	133884938.8
1055	133823917.3
1056	133772003.1
1057	133721744.6
1058	133665693.9
1059	133615457.1
1060	133571739.9
1061	133534945.5
1062	133503407
1063	133482135.6
1064	133477240
1065	133478941.7
1066	133484944
1067	133498826.2
1068	133543140.1
1069	133589345.5
1070	133652935
1071	133721350.6
1072	133791192.3
1073	133858812.2
1074	133925197
1075	133985022.4
1076	134045217.9
1077	134106086.9
1078	134149338
1079	134192024.1
1080	134219141.6
1081	134243478.4
1082	134268495.1
1083	134290054.5
1084	134308513.7
1085	134326721.1
1086	134338612.8
1087	134336876.3
1088	134329709.4
1089	134320112.2
1090	134310351.8
1091	134298338.9
1092	134285873.1
1093	134272415.2
1094	134246347.8
1095	134221810.5
1096	134196929.1
1097	134177898.9
1098	134140346.6
1099	134095674.6
1100	134039304
1101	133972073.3
1102	133897432.6
1103	133810858.5
1104	133713920.7
1105	133598082
1106	133458588.6
1107	133323004.1
1108	133202900.5
1109	133080154.2
1110	132952024.9
1111	132821854.8
1112	132686317.6
1113	132558171.5
1114	132439583.3
1115	132325403.5
1116	132223277.6
1117	132113060.7
1118	131997372.3
1119	131873908.9
1120	131750930
1121	131630684.5
1122	131513750.2
1123	131399962.3
1124	131282316.7
1125	131173095
1126	131075723.5
1127	130975940.3
1128	130887570
1129	130809839.1
1130	130747062.8
1131	130693900.8
1132	130650319.7
1133	130609260
1134	130583074.8
1135	130567095.6
1136	130550035.1
1137	130537403.6
1138	130523014
1139	130508372.5
1140	130490928.9
1141	130478855.7
1142	130466082.2
1143	130453804.1
1144	130443911.3
1145	130428507.5
1146	130416212.2
1147	130415940.7
1148	130416838.9
1149	130424026.5
1150	130440380.2
1151	130454938.8
1152	130474168
1153	130492825.9
1154	130507663.2
1155	130521564.6
1156	130540187.2
1157	130553158.8
1158	130564783.6
1159	130573143.6
1160	130573413.3
1161	130566370.5
1162	130561748.2
1163	130567028.3
1164	130573971.2
1165	130584621
1166	130590668.1
1167	130597131.2
1168	130605127.1
1169	130615312.4
1170	130631279.8
1171	130655618.8
1172	130674173.1
1173	130682735.9
1174	130688289.4
1175	130691535.8
1176	130685637.6
1177	130679520.2
1178	130671478.7
1179	130659942.2
1180	130644712
1181	130625384.2
1182	130596850.1
1183	130564579.5
1184	130534174.1
1185	130502163
1186	130470573.8
1187	130439198.4
1188	130400715.8
1189	130361937.2
1190	130314018.9
1191	130258215.9
1192	130210497.7
1193	130167273.8
1194	130124019.9
1195	130083381.9
1196	130045938.4
1197	130006675
1198	129973382.6
1199	129941919.9
1200	129919494.1
1201	129896460
1202	129872277.1
1203	129845110.1
1204	129816369.6
1205	129788896.1
1206	129762340.3
1207	129737892.3
1208	129715265.1
1209	129692312.9
1210	129663417.3
1211	129636833.6
1212	129608800.5
1213	129584363.6
1214	129562687.2
1215	129542477.2
1216	129533051
1217	129529442.9
1218	129529093.5
1219	129528658.3
1220	129535466.1
1221	129548042.5
1222	129554266.3
1223	129518632.6
1224	129501333.1
1225	129498874.6
1226	129495812.7
1227	129497600.1
1228	129496734.5
1229	129506605.3
1230	129518363.6
1231	129530497.7
1232	129551607.9
1233	129614111.9
1234	129658822
1235	129695158
1236	129728845.5
1237	129752002.5
1238	129775757.1
1239	129793775
1240	129809708.8
1241	129828080.9
1242	129847062.5
1243	129859537.9
1244	129871012.4
1245	129874924.4
1246	129877416.1
1247	129885126.3
1248	129895046.3
1249	129907161.4
1250	129918770.9
1251	129925766.5
1252	129936211.1
1253	129951414.5
1254	129969713.7
1255	129989265.1
1256	130017871.2
1257	130040207.3
1258	130058154
1259	130073483.1
1260	130088794.6
1261	130106336.2
1262	130116513.2
1263	130128808
1264	130135619
1265	130136929.8
1266	130122401.7
1267	130111273.9
1268	130100767.3
1269	130082466.9
1270	130064217.4
1271	130042165.1
1272	130021499.7
1273	129999467.7
1274	129976975.2
1275	129955479
1276	129939224
1277	129919612.5
1278	129899902
1279	129878517
1280	129846992.3
1281	129814234.6
1282	129787195.8
1283	129763112.6
1284	129734113.3
1285	129705542.5
1286	129670616.5
1287	129633542.8
1288	129590636.9
1289	129558612.1
1290	129540998.4
1291	129533931.3
1292	129521021.2
1293	129507621.8
1294	129502804.5
1295	129500338.3
1296	129509100.8
1297	129517017
1298	129529135
1299	129542798.3
1300	129549081.7
1301	129549565.8
1302	129552095.1
1303	129553595
1304	129555016.6
1305	129553317.5
1306	129553396.7
1307	129556753.7
1308	129557581.6
1309	129553256.9
1310	129540784.5
1311	129528855.2
1312	129517229.3
1313	129505271.8
1314	129490569.4
1315	129475777.6
1316	129456276.1
1317	129438671
1318	129426061.5
1319	129414380.5
1320	129412672.1
1321	129398725.8
1322	129382532.5
1323	129362771
1324	129345634.6
1325	129333896.5
1326	129324449.1
1327	129315312.7
1328	129308797.1
1329	129300546.7
1330	129289869.8
1331	129293508
1332	129300267.3
1333	129312916.9
1334	129325175.9
1335	129337234
1336	129348693.2
1337	129369984.7
1338	129385098.8
1339	129400738.1
1340	129416954.4
1341	129426165.2
1342	129434964.1
1343	129444572.6
1344	129460441.9
1345	129476816.6
1346	129488832.8
1347	129488551.5
1348	129491380.1
1349	129492938.5
1350	129502751
1351	129516240.1
1352	129528688.6
1353	129534479.6
1354	129527867.2
1355	129525646
1356	129525854.7
1357	129526111.6
1358	129526222.4
1359	129529185.5
1360	129527587.6
1361	129527629.7
1362	129529356.6
1363	129534108.6
1364	129543381.7
1365	129545210.9
1366	129545364
1367	129545226.1
1368	129538929.4
1369	129531424.1
1370	129519307.4
1371	129501743
1372	129481492
1373	129461510.4
1374	129442390.3
1375	129424430.9
1376	129400978.3
1377	129374328.5
1378	129349991.1
1379	129326801.9
1380	129308059.7
1381	129289370.8
1382	129265693
1383	129241232.9
1384	129214446.3
1385	129190236.7
1386	129171478
1387	129155537.5
1388	129145633.3
1389	129133437.8
1390	129121795.4
1391	129114521.3
1392	129113970
1393	129114142.1
1394	129108746.5
1395	129096287
1396	129083827.2
1397	129073929.1
1398	129062987.8
1399	129052807.3
1400	129039499.5
1401	129026893.8
1402	129014752.3
1403	129002140.8
1404	128997555.9
1405	128997510
1406	128997283.9
1407	128992209.8
1408	128983873
1409	128974970.4
1410	128969504.4
1411	128962878.3
1412	128956507
1413	128949701
1414	128942909.9
1415	128936292.7
1416	128929899.2
1417	128926016.9
1418	128928809.5
1419	128935329.2
1420	128935375.8
1421	128935739.9
1422	128935180.3
1423	128935450.7
1424	128938766.5
1425	128938970.3
1426	128938971.5
1427	128935615.3
1428	128923895.1
1429	128908782.4
1430	128899429.1
1431	128889580.5
1432	128877279.3
1433	128864620.5
1434	128848894.2
1435	128836647.8
1436	128815648.8
1437	128799917.5
1438	128788702.4
1439	128779537.2
1440	128769896.7
1441	128762802
1442	128763058.3
1443	128763448.1
1444	128767796.3
1445	128774299.6
1446	128787529.6
1447	128796493
1448	128800670.1
1449	128800248.7
1450	128800884.3
1451	128799702.7
1452	128794189.6
1453	128788065.5
1454	128778448.5
1455	128761033
1456	128744051
1457	128729642.9
1458	128719162.7
1459	128712562.8
1460	128701880.4
1461	128688965.1
1462	128675984.8
1463	128663875.4
1464	128655972.7
1465	128654434.7
1466	128654731.4
1467	128657581
1468	128657523
1469	128657761.8
1470	128661663.4
1471	128671629.1
1472	128684068.6
1473	128696276.4
1474	128703692.7
1475	128709439.3
1476	128714989.2
1477	128722062.4
1478	128738367.1
1479	128754886.9
1480	128773492.1
1481	128788802.6
1482	128801256.5
1483	128807240.3
1484	128813074.7
1485	128813350.3
1486	128813977.1
1487	128812987.7
1488	128802401.4
1489	128785434
1490	128767183.4
1491	128748206.9
1492	128729388.3
1493	128720103.8
1494	128714329.1
1495	128714494.1
1496	128713963.9
1497	128707901.3
1498	128701543.7
1499	128702191.5
1500	128701843.9
1501	128701812.3
1502	128698202.5
1503	128682054
1504	128663476
1505	128644547.8
1506	128622732.4
1507	128603642.7
1508	128584820.2
1509	128563861.9
1510	128541483.9
1511	128511696.2
1512	128489928.5
1513	128469391.9
1514	128440113.1
1515	128406233.1
1516	128378404.2
1517	128351633.2
1518	128329512.9
1519	128313145.3
1520	128297958.6
1521	128290745
1522	128279132.3
1523	128275213.5
1524	128279523.8
1525	128286239.6
1526	128286466.1
1527	128287661.8
1528	128287605.8
1529	128280747.8
1530	128275383.9
1531	128270666.2
1532	128267749.6
1533	128265347.9
1534	128255994.8
1535	128246490.9
1536	128239250.2
1537	128231342.2
1538	128223543
1539	128220930.5
1540	128214158.5
1541	128206499.9
1542	128191741
1543	128169474.4
1544	128151953.5
1545	128136683.7
1546	128122307.7
1547	128107939.6
1548	128099290.7
1549	128092093.9
1550	128092167.6
1551	128095231.4
1552	128100744.5
1553	128113229.7
1554	128127893.8
1555	128143095.3
1556	128158501.8
1557	128173519.6
1558	128180008.9
1559	128181559.2
1560	128175398.3
1561	128165801.2
1562	128157090.7
1563	128151194.9
1564	128145360.5
1565	128139922.9
1566	128133739.1
1567	128131030
1568	128133124.6
1569	128135521.2
1570	128139859.7
1571	128143043.1
1572	128151500.7
1573	128157733.6
1574	128161954.5
1575	128165762.7
1576	128172206.3
1577	128175003.2
1578	128174615.2
1579	128300333.1
1580	128261726.2
1581	128287169.8
1582	128283836.6
1583	128276819
1584	128272436.7
1585	128267917
1586	128261703.2
1587	128254464.3
1588	128242164.7
1589	128100977.7
1590	128126189.6
1591	128092671.4
1592	128082056.6
1593	128070237.5
1594	128051181.3
1595	128032758.1
1596	128009316.7
1597	127985370.1
1598	127967306
1599	127954536.5
1600	127936058
1601	127917653
1602	127896695.5
1603	127879418.4
1604	127867142.8
1605	127855171
1606	127847201.7
1607	127836385.8
1608	127824024.7
1609	127812004.9
1610	127799903.4
1611	127786964.5
1612	127778829.1
1613	127771375.3
1614	127762875.5
1615	127756791.3
1616	127751128.9
1617	127749808.5
1618	127749490.7
1619	127749290.6
1620	127749287.1
1621	127752089.3
1622	127752928.7
1623	127759347.7
1624	127768581.7
1625	127775258.5
1626	127782817.7
1627	127794810.5
1628	127811609.7
1629	127829463.5
1630	127847167.9
1631	127863142.7
1632	127879912.9
1633	127891973.8
1634	127903411.1
1635	127920728.3
1636	127937289.2
1637	127949327.3
1638	127957256.5
1639	127960219.1
1640	127959020.2
1641	127952983.3
1642	127944845.9
1643	127933696.8
1644	127926031.3
1645	127912283
1646	127895326.7
1647	127880025.9
1648	127862196.9
1649	127849608.6
1650	127840737.5
1651	127835775.9
1652	127831991
1653	127831326.7
1654	127824511.8
1655	127813727.1
1656	127806703.8
1657	127804335.8
1658	127803411.4
1659	127801490.3
1660	127800098.6
1661	127804470.3
1662	127808064
1663	127807669
1664	127803744.7
1665	127792759
1666	127780024.5
1667	127758589.9
1668	127726637.7
1669	127695585.9
1670	127663467.3
1671	127620063
1672	127581021.8
1673	127544308.5
1674	127518682.3
1675	127504868.7
1676	127492058.5
1677	127480735.2
1678	127484827
1679	127489939.6
1680	127490537.7
1681	127500321.1
1682	127505882.2
1683	127720879.6
1684	127652302
1685	127637370.7
1686	127628197.9
1687	127611927.1
1688	127597257.5
1689	127580258.4
1690	127560190.8
1691	127532540.5
1692	127506869.1
1693	127269514.9
1694	127310995.4
1695	127295740.8
1696	127275113
1697	127261984.9
1698	127247701.7
1699	127233254.4
1700	127227726
1701	127227906.8
1702	127228751.3
1703	127229546.7
1704	127227118.5
1705	127224021.3
1706	127221010.2
1707	127215751.7
1708	127205722.9
1709	127196573.6
1710	127189824.5
1711	127182478.4
1712	127172000.1
1713	127161864.1
1714	127156459.9
1715	127152776.3
1716	127149148.9
1717	127147814.5
1718	127147219.3
1719	127140540.4
1720	127130694.1
1721	127118844.6
1722	127110360.4
1723	127103453.1
1724	127097397.5
1725	127090175
1726	127084228.2
1727	127078397.4
1728	127071707.8
1729	127064397
1730	127051180.9
1731	127039121.8
1732	127026905.7
1733	127013033.6
1734	126998026.7
1735	126981646
1736	126965896.7
1737	126953777.5
1738	126941160.6
1739	126934254.5
1740	126939496
1741	126951707.8
1742	126964178.6
1743	126974693.3
1744	126984359.6
1745	127000401.1
1746	127011791.2
1747	127012694.3
1748	127018624.9
1749	127022454.2
1750	127021323.2
1751	127015216.3
1752	127001797.9
1753	126990210.9
1754	126979314.8
1755	126965846.4
1756	126960319.4
1757	126971676
1758	126979798.4
1759	126996257.7
1760	127014149
1761	127031078.5
1762	127056678.2
1763	127085690
1764	127120593.9
1765	127154026.5
1766	127183634.2
1767	127214759.9
1768	127244511.6
1769	127268155.9
1770	127289420.5
1771	127311074.4
1772	127331560.9
1773	127348375.4
1774	127360391
1775	127375486.7
1776	127389888.5
1777	127393993.3
1778	127394433.2
1779	127394489.9
1780	127400166.2
1781	127404728.3
1782	127413518.1
1783	127426145.7
1784	127438872.7
1785	127447830.4
1786	127457904.1
1787	127466850.2
1788	127478990.7
1789	127491234.6
1790	127498060.6
1791	127509246.9
1792	127516783.9
1793	127522918.8
1794	127524067.8
1795	127524514.3
1796	127526325.9
1797	127531124.7
1798	127537183.3
1799	127543459.4
1800	127547616.7
1801	127543401.9
1802	127531512.6
1803	127515603.8
1804	127506577.2
1805	127502771.2
1806	127501554.3
1807	127505293.9
1808	127511217.9
1809	127512443.9
1810	127508948.6
1811	127508739.9
1812	127517205.1
1813	127539508.6
1814	127559300.4
1815	127575613.2
1816	127586317.8
1817	127594619.2
1818	127607088.6
1819	127624298
1820	127648476.7
1821	127672254.7
1822	127694279.3
1823	127705904.1
1824	127718554.3
1825	127722165.9
1826	127722404.7
1827	127716424.6
1828	127702192.1
1829	127686181.4
1830	127673713.8
1831	127668047.9
1832	127665921.7
1833	127666069.2
1834	127665635.5
1835	127674096.5
1836	127686040.9
1837	127698359.3
1838	127715522.1
1839	127731762.9
1840	127743968.9
1841	127750533.7
1842	127750790
1843	127747852.6
1844	127746053
1845	127731796.2
1846	127723252.7
1847	127720824.5
1848	127718111.9
1849	127718125.9
1850	127716891.6
1851	127704975.3
1852	127695078.1
1853	127691626.3
1854	127683119.7
1855	127692711.4
1856	127704739.1
1857	127717463.4
1858	127727107.1
1859	127738170.4
1860	127746257.9
1861	127760405.8
1862	127772420.4
1863	127779459.3
1864	127789830.5
1865	127798358.9
1866	127801255.5
1867	127797422.6
1868	127794252.5
1869	127788275.4
1870	127783753.8
1871	127781281.7
1872	127781364.3
1873	127781014.9
1874	127791571.4
1875	127798660.7
1876	127798750.1
1877	127796358.7
1878	127789801
1879	127784142.2
1880	127776037.6
1881	127774241.5
1882	127763956.3
1883	127751613.3
1884	127729207.1
1885	127706484
1886	127688397.6
1887	127672011
1888	127659404.7
1889	127648947.4
1890	127646552.6
1891	127636990.7
1892	127637747.4
1893	127637610.5
1894	127637457.7
1895	127637427.9
1896	127640367
1897	127643903.1
1898	127648496.2
1899	127652162.2
1900	127651670.6
1901	127650141.3
1902	127648215.3
1903	127650053.5
1904	127656735.9
1905	127668936.7
1906	127677815.5
1907	127687988.4
1908	127699996.2
1909	127707451.1
1910	127719683.9
1911	127738855.5
1912	127756940.3
1913	127771969.5
1914	127785690.1
1915	127788269.8
1916	127788383.9
1917	127789342.6
1918	127791312.8
1919	127794236.3
1920	127795531.6
1921	127789163
1922	127782241.3
1923	127778819.4
1924	127771126.3
1925	127768581.7
1926	127768659
1927	127760912.7
1928	127742239.8
1929	127720561.3
1930	127701284.6
1931	127695065.7
1932	127695053.4
1933	127694521.4
1934	127694005.2
1935	127694625
1936	127694725.1
1937	127695855.6
1938	127696324.4
1939	127702632.8
1940	127704912.1
1941	127698733.6
1942	127680145.4
1943	127661671.2
1944	127642945.9
1945	127626074.7
1946	127613575.5
1947	127605757.1
1948	127605578
1949	127605499
1950	127605748.3
1951	127605932.7
1952	127611410.6
1953	127615433.2
1954	127619692.8
1955	127617329.3
1956	127617129.1
1957	127613908.6
1958	127614105.2
1959	127613862.9
1960	127613984.1
1961	127614129.8
1962	127609876.6
1963	127602336.7
1964	127594154.4
1965	127594160.2
1966	127588283.3
1967	127585090.1
1968	127579160.9
1969	127578074.1
1970	127578067.1
1971	127577659.7
1972	127582176.3
1973	127594103.8
1974	127613161.3
1975	127619638.3
1976	127626377.2
1977	127632467.9
1978	127638393.6
1979	127639262.7
1980	127639408.4
1981	127639984.3
1982	127638449.7
1983	127635598.4
1984	127627218.2
1985	127627613.2
1986	127627237.5
1987	127629486.6
1988	127641220.3
1989	127654455.2
1990	127668740.2
1991	127680933.9
1992	127698028
1993	127713884.2
1994	127732971.2
1995	127752951.2
1996	127776384.8
1997	127798521.8
1998	127816960.1
1999	127845871.2
2000	127874268.8
2001	127904548.6
2002	127929509
2003	127957441.3
2004	127985301.7
2005	128017106.2
2006	128043847.2
2007	128075118.8
2008	128100938.1
2009	128114975.1
2010	128127534.1
2011	128140103.9
2012	128158674.2
2013	128171744.4
2014	128179940.4
2015	128183739.9
2016	128189356.5
2017	128189184.5
2018	128188796.5
2019	128189265.2
2020	128195552.6
2021	128201729.3
2022	128205212.8
2023	128215826.3
2024	128228545
2025	128240608.8
2026	128253147.3
2027	128263267.6
2028	128266993.3
2029	128273400.1
2030	128279731.5
2031	128282586.5
2032	128288287.6
2033	128292350
2034	128301689.6
2035	128314197
2036	128327748.6
2037	128351139.4
2038	128384937.3
2039	128414905.9
2040	128439140.7
2041	128467372.9
2042	128492741.7
2043	128514867.4
2044	128524454
2045	128529526.1
2046	128535427
2047	128538185.9
2048	128531883.1
2049	128525782.5
2050	128520362.3
2051	128519377.5
2052	128522271.1
2053	128530341.7
2054	128538689.3
2055	128558107.5
2056	128577827.2
2057	128600928.5
2058	128628659.1
2059	128651958.2
2060	128676524.9
2061	128698900.6
2062	128714393.6
2063	128727164.9
2064	128743811.7
2065	128748478.5
2066	128752560.7
2067	128748680.4
2068	128745799.2
2069	128747886.8
2070	128753305.6
2071	128756718.9
2072	128762439.2
2073	128766305.5
2074	128771553.8
2075	128779482.8
2076	128785498
2077	128792328
2078	128798443.5
2079	128803403.7
2080	128793191.7
2081	128780853.9
2082	128771418.4
2083	128759242.1
2084	128747000.7
2085	128740102.3
2086	128734476.8
2087	128732440
2088	128723343.3
2089	128715738.9
2090	128714113.1
2091	128714035.9
2092	128709200.5
2093	128702940.9
2094	128690230.7
2095	128671720.6
2096	128649585.3
2097	128624238.5
2098	128600883.5
2099	128575354.9
2100	128550598.5
2101	128526353.4
2102	128502507.1
2103	128473096.2
2104	128449486.9
2105	128429190.8
2106	128411850.2
2107	128398412.6
2108	128391284.6
2109	128388408.8
2110	128387928.2
2111	128387638.3
2112	128388823.5
2113	128399929.6
2114	128411858.3
2115	128420410.9
2116	128427809.2
2117	128431462.5
2118	128433325.8
2119	128432431
2120	128432988.9
2121	128432192.5
2122	128428781
2123	128417257
2124	128406356.6
2125	128394152.8
2126	128382538.3
2127	128370283
2128	128359723.3
2129	128350075.5
2130	128346720.4
2131	128346691.2
2132	128350119.1
2133	128360717.2
2134	128371228.9
2135	128383060.9
2136	128395136.5
2137	128407071
2138	128417219.6
2139	128417101.5
2140	128402249.6
2141	128386048.9
2142	128371808.9
2143	128357418.4
2144	128343851.9
2145	128328342.8
2146	128312402.6
2147	128295416.8
2148	128280625.3
2149	128284224.6
2150	128294588.7
2151	128298987.2
2152	128301833.8
2153	128304007.5
2154	128307748.9
2155	128318491.7
2156	128330169.9
2157	128338395.8
2158	128343649.8
2159	128337751.6
2160	128323689.7
2161	128310970.7
2162	128297190.9
2163	128284960.1
2164	128270089.1
2165	128250325.2
2166	128221379.3
2167	128180933.5
2168	128141270.7
2169	128104218.5
2170	128079346.6
2171	128057825.4
2172	128038605.8
2173	128019618.1
2174	128000963.2
2175	127982601.1
2176	127972393.8
2177	127974202.7
2178	127977449.6
2179	127980679.1
2180	127977175.9
2181	127974050.5
2182	127969554
2183	127963998.1
2184	127958471.6
2185	127951982.7
2186	127948428.1
2187	127948653.5
2188	127946971
2189	127944175.6
2190	127945773.4
2191	127952305.7
2192	127953770.5
2193	127953528.2
2194	127956542.2
2195	127963139.1
2196	127967131.2
2197	127971995.4
2198	127977094.3
2199	127986112.3
2200	127987629.6
2201	127984182.6
2202	127982462.3
2203	127982454.5
2204	127978807.6
2205	127974221.2
2206	127976267
2207	127981653.4
2208	127988141.4
2209	127991378.3
2210	128001232.7
2211	128010442.3
2212	128023038.1
2213	128032841.5
2214	128038139.7
2215	128036525.8
2216	128027695.5
2217	128015345.8
2218	128002468.8
2219	127989551.9
2220	127977238
2221	127964512.9
2222	127951509.7
2223	127941994
2224	127936390
2225	127935604
2226	127935482.7
2227	127935888.2
2228	127935900.8
2229	127936520.2
2230	127936507.3
2231	127937740.2
2232	127938240.2
2233	127934613.3
2234	127929315.6
2235	127923743
2236	127917825.1
2237	127911010.9
2238	127905325.2
2239	127899247.9
2240	127892570.8
2241	127889353
2242	127883143.8
2243	127880694.1
2244	127880470.9
2245	127882690.8
2246	127889189.5
2247	127901904.1
2248	127913800.3
2249	127930829.3
2250	127944816.2
2251	127959534.7
2252	127974542.2
2253	127986612.9
2254	128001399.2
2255	128011841.5
2256	128015424.8
2257	128009166.1
2258	128002952.4
2259	127991568.6
2260	127984165
2261	127978508.5
2262	127970723.6
2263	127970810.5
2264	127968292.1
2265	127970810.5
2266	127980676
2267	127994006.7
2268	128009586.8
2269	128026848.3
2270	128042573.9
2271	128054941.5
2272	128072631.2
2273	128084922.9
2274	128097858.5
2275	128107968.6
2276	128112781.2
2277	128109019.4
2278	128101230.5
2279	128092643
2280	128083096.6
2281	128064196.4
2282	128045133.8
2283	128033312.5
2284	128026642.2
2285	128013909.9
2286	128001358.4
2287	128002782.6
2288	128002631.9
2289	128008288
2290	128014208.6
2291	128024433.6
2292	128024401.1
2293	128017380.9
2294	128008034.1
2295	128008039.2
2296	128007677.2
2297	128002817.1
2298	128006639.7
2299	128003881.9
2300	127997996.3
2301	127993739.7
2302	128000021
2303	128004283.9
2304	128006557.8
2305	128009214.1
2306	128011717.8
2307	128017669.3
2308	128018196.9
2309	128022261.9
2310	128035567.7
2311	128048715.2
2312	128061190.2
2313	128078744.7
2314	128097845
2315	128110753.3
2316	128123228.1
2317	128132033.8
2318	128144709.3
2319	128150838.8
2320	128155846.2
2321	128161276.7
2322	128167202.4
2323	128172978.9
2324	128179304.8
2325	128181805
2326	128186197.9
2327	128190167.7
2328	128187481.4
2329	128184847.8
2330	128183034.1
2331	128183717.1
2332	128181339.8
2333	128170048.3
2334	128158679.8
2335	128159020.4
2336	128154150
2337	128150750.8
2338	128142842.9
2339	128140732.3
2340	128135210.5
2341	128125706.4
2342	128122179.1
2343	128125773.3
2344	128127618.6
2345	128122955.3
2346	128121880.8
2347	128116218.5
2348	128111389.5
2349	128106840
2350	128100073.2
2351	128090923.3
2352	128078195.3
2353	128064555.5
2354	128049565.2
2355	128029725.8
2356	128010493.6
2357	127993985.9
2358	127979952.5
2359	127964425.9
2360	127948318.3
2361	127935994.1
2362	127923811.6
2363	127911604
2364	127899574.2
2365	127893330.9
2366	127888001.8
2367	127882441.7
2368	127880660.4
2369	127870009.5
2370	127857399.7
2371	127840231.2
2372	127815836.3
2373	127783669.9
2374	127745824.6
2375	127708826.8
2376	127670880.6
2377	127630705.3
2378	127588542.7
2379	127552093.9
2380	127518351.3
2381	127491249.6
2382	127462595.2
2383	127428499.8
2384	127408655.3
2385	127394895.5
2386	127375977.5
2387	127359257.1
2388	127345188.9
2389	127333350.6
2390	127322964.6
2391	127303006.6
2392	127288203.9
2393	127289381.9
2394	127285694.2
2395	127277655.7
2396	127272272.4
2397	127267829.7
2398	127263220.8
2399	127257034.5
2400	127253276.5
2401	127257996.2
2402	127266178.3
2403	127269287.8
2404	127267819.9
2405	127260570.1
2406	127254123
2407	127247825.1
2408	127240578.9
2409	127237390.5
2410	127235511.6
2411	127232586.2
2412	127232440.3
2413	127233954
2414	127233183.2
2415	127233727.5
2416	127233659
2417	127233743.3
2418	127234363.1
2419	127234910.9
2420	127235344.5
2421	127235923.9
2422	127234949.3
2423	127238417.1
2424	127245464.9
2425	127255040.4
2426	127267835.1
2427	127284164.3
2428	127298822.8
2429	127306587
2430	127308043
2431	127307651.5
2432	127306113.4
2433	127301551.7
2434	127295982.3
2435	127289084.2
2436	127282406.6
2437	127266054.6
2438	127256737.1
2439	127248874.5
2440	127218547.2
2441	127108574.2
2442	126886224.6
2443	126540022.7
2444	126093551.9
2445	125526631.2
2446	124837823.8
2447	124029837.3
2448	123110215.3
2449	122078407
2450	120968476.1
2451	119814768.8
2452	118676661.5
2453	117553579.1
2454	116432192.8
2455	115312021.5
2456	114226227.4
2457	113170736.9
2458	112139029.7
2459	111140973.7
2460	110137926
2461	109152536.9
2462	108182271.2
2463	107241972.8
2464	106307295.1
2465	105406056.3
2466	104489724.3
2467	103569651
2468	102648178.9
2469	101699923
2470	100712595.2
2471	99694808.12
2472	98602346
2473	97453311.19
2474	96232372.6
2475	94934755.22
2476	93593189.04
2477	92202179.98
2478	90745613.4
2479	89252829.57
2480	87770489.77
2481	86324286.94
2482	84882929.19
2483	83441716.37
2484	82025863.05
2485	80624333.82
2486	79234041.43
2487	77842459.68
2488	76492597.39
2489	75159005.53
2490	73840463.69
2491	72509829.96
2492	71225050.66
2493	69942535.01
2494	68679498.03
2495	67462627.53
2496	66249521.68
2497	65066918.11
2498	63881396.3
2499	62683308.56
2500	61477020.15
2501	60247207.5
2502	58954790.5
2503	57641553.12
2504	56298377.39
2505	54901188.23
2506	53477253.32
2507	52039884.33
2508	50537993.72
2509	49011562.43
2510	47476207.59
2511	45913272.7
2512	44380813.58
2513	42887778.68
2514	41386200.11
2515	39906262.35
2516	38441145.24
2517	36969197.6
2518	35541145.77
2519	34145488.9
2520	32757674.52
2521	31402679.84
2522	30048537.18
2523	28668083.56
2524	27311063.7
2525	25968741.27
2526	24624772.89
2527	23280430.7
2528	21936212.37
2529	20591421.5
2530	19225850.31
2531	17828262.11
2532	16372732.22
2533	14864485.77
2534	13378288.42
2535	11963064.62
2536	10665836.22
2537	9486647.423
2538	8428731.864
2539	7495832.652
2540	6708038.822
2541	6078871.289
2542	5634167.435
2543	5371820.99
2544	5220711.242
2545	5114831.516
2546	5027778.597
2547	4954053.141
2548	4894476.361
2549	4830726.311
2550	4769420.112
2551	4713383.096
2552	4666361.885
2553	4627699.826
2554	4588567.225
2555	4542362.44
2556	4501226.203
2557	4478171.855
2558	4446083.505
2559	4415824.812
2560	4390046.808
2561	4361175.96
2562	4330403.469
2563	4296742.282
2564	4264052.346
2565	4239051.822
2566	4209923.677
2567	4164400.125
2568	4120727.14
2569	4087774.799
2570	4053904.198
2571	4020880.828
2572	3983036.313
2573	3945327.151
2574	3902173.87
2575	3862704.164
2576	3823624.874
2577	3788876.395
2578	3749062.561
2579	3707426.252
2580	3667577.303
2581	3628188.362
2582	3596568.639
2583	3567872.409
2584	3550329.697
2585	3528142.213
2586	3511058.072
2587	3491212.766
2588	3483264.46
2589	3474578.737
2590	3463169.837
2591	3458043.03
2592	3449162.418
2593	3444890.665
2594	3432329.989
2595	3425726.592
2596	3419288.236
2597	3418821.205
2598	3416821.399
2599	3413782.186
2600	3414279.065
2601	3410444.495
2602	3410825.494
2603	3407296.425
2604	3407461.466
2605	3409580.663
2606	3407765.212
2607	3406100.756
2608	3401381.284
2609	3397065.637
2610	3391772.034
2611	3390850.262
2612	3387212.336
2613	3378382.641
2614	3375411.903
2615	3370999.689
2616	3373152.245
2617	3374618.301
2618	3377197.506
2619	3383149.518
2620	3391043.395
2621	3394110.7
2622	3394855.141
2623	3404675.082
2624	3408997.752
2625	3411457.566
2626	3410523.504
2627	3412575.982
2628	3422971.811
2629	3433330.77
2630	3439277.514
2631	3440357.304
2632	3443140.177
2633	3446908.028
2634	3450328.24
2635	3452998.744
2636	3455137.255
2637	3455346.19
2638	3446562.144
2639	3016323.163
2640	2598808.94
2641	2202133.781
2642	1811549.339
2643	1425323.799
2644	1045207.012
2645	668542.2002
2646	297415.361
2647	-75144.17486
2648	-446929.4225
2649	-396669.3211
2650	-352374.7985
2651	-323458.9396
2652	-298950.0274
2653	-281487.9202
2654	-269574.6393
2655	-259296.1266
2656	-252938.5354
2657	-246514.2255
2658	-240005.6393
2659	-238269.197
2660	-238272.7085
2661	-238351.7175
2662	-238311.3351
2663	-238481.6434
2664	-238692.3341
2665	-238727.4492
2666	-239129.5173
2667	-239187.4572
2668	-239466.6223
2669	-239371.8115
2670	-239549.1429
2671	-239405.1709
2672	-239842.354
2673	-239926.6303
2674	-239816.0177
2675	-239807.2389
2676	-239564.9447
2677	-239974.0357
2678	-240142.5883
2679	-240441.0667
2680	-240693.8955
2681	-240658.7804
2682	-240356.7904
2683	-240446.334
2684	-240683.361
2685	-240901.0747
2686	-241136.346
2687	-240843.1348
2688	-240688.6283
2689	-240462.1358
2690	-240323.4311
2691	-239954.7224
2692	-240182.9706
2693	-239849.3771
2694	-239494.7144
2695	-239161.1209
2696	-238846.8406
2697	-238773.0989
2698	-238225.3031
2699	-237870.6405
2700	-237738.9588
2701	-237967.207
2702	-237665.217
2703	-237523.0008
2704	-237221.0109
2705	-237019.099
2706	-237113.9098
2707	-237572.162
2708	-238047.9718
2709	-238560.6524
2710	-238780.1219
2711	-238790.6564
2712	-238699.3571
2713	-238583.4772
2714	-238650.196
2715	-238890.7345
2716	-238493.9337
2717	-237983.0088
2718	-237832.0138
2719	-237626.5904
2720	-237282.4623
2721	-237294.7526
2722	-237521.2451
2723	-237719.6455
2724	-237979.4973
2725	-238132.248
2726	-238318.3581
2727	-238402.6344
2728	-238495.6895
2729	-238379.8096
2730	-238453.5513
2731	-238620.3481
2732	-238330.6484
2733	-238334.1599
2734	-238227.0589
2735	-238084.8426
2736	-238026.9027
2737	-238081.3311
2738	-237726.6685
2739	-237875.9077
2740	-237832.0138
2741	-237333.3792
2742	-237440.4803
2743	-237321.0889
2744	-237271.9278
2745	-237508.9548
2746	-237719.6455
2747	-237881.175
2748	-238197.211
2749	-237770.5624
2750	-237775.8297
2751	-238163.8517
2752	-238509.7355
2753	-238594.0118
2754	-238799.4352
2755	-238516.7585
2756	-238451.7956
2757	-238170.8747
2758	-237993.5434
2759	-237903.9998
2760	-237800.4102
2761	-237891.7095
2762	-237586.208
2763	-237521.2451
2764	-237177.117
2765	-236857.5695
2766	-236622.2982
2767	-236376.4924
2768	-236229.0089
2769	-236673.2151
2770	-236775.0489
2771	-236072.7467
2772	-235883.1251
2773	-235886.6366
2774	-235805.8718
2775	-235914.7287
2776	-235886.6366
2777	-235888.3923
2778	-236062.2121
2779	-235730.3743
2780	-235577.6236
2781	-235735.6416
2782	-235319.5275
2783	-234847.2292
2784	-234443.4054
2785	-233935.9921
2786	-233841.1813
2787	-233295.1413
2788	-232879.0272
2789	-232575.2814
2790	-232132.831
2791	-231929.1634
2792	-232023.9742
2793	-232048.5547
2794	-232199.5497
2795	-232246.9551
2796	-231816.795
2797	-232001.1493
2798	-231985.3475
2799	-231988.8591
2800	-232299.6278
2801	-232534.8991
2802	-232411.9962
2803	-232354.0562
2804	-232485.7379
2805	-232499.7839
2806	-232900.0962
2807	-233242.4686
2808	-233484.7629
2809	-233744.6147
2810	-233983.3975
2811	-233683.1633
2812	-234034.3144
2813	-234388.977
2814	-234624.2483
2815	-234919.2152
2816	-234903.4134
2817	-234947.3073
2818	-235117.6156
2819	-235280.9009
2820	-235347.6196
2821	-235881.3693
2822	-235832.2082
2823	-236048.1661
2824	-236078.0139
2825	-236399.3172
2826	-236492.3723
2827	-236727.6435
2828	-236734.6666
2829	-236947.113
2830	-236627.5655
2831	-236806.6525
2832	-237094.5965
2833	-236973.4493
2834	-237041.9238
2835	-236938.3342
2836	-236982.2281
2837	-237096.3522
2838	-237015.5875
2839	-236896.1961
2840	-237057.7256
2841	-236613.5194
2842	-236383.5154
2843	-236239.5435
2844	-236299.2392
2845	-236236.032
2846	-235981.4474
2847	-235467.011
2848	-235459.988
2849	-235263.3433
2850	-235342.3523
2851	-235442.4304
2852	-235560.066
2853	-235618.006
2854	-235547.7757
2855	-235667.1671
2856	-235783.047
2857	-236244.8107
2858	-236374.7367
2859	-236355.4233
2860	-236492.3723
2861	-236657.4133
2862	-236538.0219
2863	-236371.2251
2864	-235870.8348
2865	-235716.3283
2866	-235977.9359
2867	-235844.4984
2868	-235770.7567
2869	-235770.7567
2870	-235256.3203
2871	-234899.9019
2872	-235001.7357
2873	-234727.8379
2874	-235135.1732
2875	-235110.5926
2876	-234731.3494
2877	-234608.4465
2878	-234722.5706
2879	-234863.031
2880	-235452.9649
2881	-235723.3513
2882	-235928.7747
2883	-236627.5655
2884	-236534.5104
2885	-236768.0259
2886	-236978.7166
2887	-237003.2972
2888	-236759.2471
2889	-236459.0129
2890	-236204.4284
2891	-236148.2442
2892	-236058.7006
2893	-235791.8258
2894	-235927.019
2895	-235993.7377
2896	-236146.4884
2897	-236176.3363
2898	-236257.101
2899	-236316.7967
2900	-235912.9729
2901	-235776.024
2902	-235786.5585
2903	-235891.9038
2904	-235837.4754
2905	-235407.3153
2906	-235238.7628
2907	-235530.2182
2908	-235219.4494
2909	-235337.0851
2910	-235809.3833
2911	-235914.7287
2912	-235675.9459
2913	-235776.024
2914	-235732.1301
2915	-235837.4754
2916	-235856.7887
2917	-235835.7197
2918	-236372.9809
2919	-236272.9028
2920	-236165.8017
2921	-236276.4143
2922	-236216.7186
2923	-235791.8258
2924	-235579.3793
2925	-235314.2602
2926	-235228.2282
2927	-234884.1001
2928	-234634.7828
2929	-234734.8609
2930	-234697.99
2931	-234496.0781
2932	-234613.7137
2933	-234784.022
2934	-234703.2573
2935	-234845.4735
2936	-234936.7728
2937	-235005.2472
2938	-234443.4054
2939	-234106.3004
2940	-233525.1452
2941	-233307.4315
2942	-232956.2804
2943	-232987.884
2944	-232940.4786
2945	-232733.2994
2946	-232498.0282
2947	-232222.3746
2948	-232554.2124
2949	-232742.0782
2950	-233298.6528
2951	-233444.3805
2952	-233590.1082
2953	-233547.9701
2954	-233711.2553
2955	-233888.5867
2956	-233741.1032
2957	-234002.7108
2958	-234222.1802
2959	-234589.1332
2960	-234376.6867
2961	-234295.922
2962	-234273.0971
2963	-234355.6177
2964	-234441.6497
2965	-234259.0511
2966	-234633.0271
2967	-234318.7468
2968	-233990.4205
2969	-233119.5657
2970	-233312.6988
2971	-233119.5657
2972	-232952.7689
2973	-232896.5847
2974	-232631.4656
2975	-232854.4466
2976	-232743.834
2977	-232912.3865
2978	-232986.1283
2979	-233567.2834
2980	-233697.2093
2981	-234025.5356
2982	-234260.8069
2983	-234230.959
2984	-234413.5576
2985	-234448.6727
2986	-234422.3364
2987	-234325.7698
2988	-234311.7238
2989	-234078.2083
2990	-233971.1072
2991	-233965.8399
2992	-233744.6147
2993	-233479.4956
2994	-233274.0722
2995	-232849.1793
2996	-232375.1253
2997	-232153.9001
2998	-232071.3796
2999	-232164.4346
3000	-231941.4537
3001	-231973.0573
3002	-232146.8771
3003	-232187.2594
3004	-232519.0973
3005	-232936.9671
3006	-233219.6438
3007	-233191.5517
3008	-233265.2934
3009	-233005.4416
3010	-232847.4236
3011	-232485.7379
3012	-232471.6919
3013	-232550.7009
3014	-232499.7839
3015	-232162.6789
3016	-232224.1303
3017	-232545.4336
3018	-232491.0052
3019	-232780.7049
3020	-232754.3685
3021	-233026.5106
3022	-232987.884
3023	-233003.6858
3024	-232585.816
3025	-232617.4196
3026	-232522.6088
3027	-232647.2674
3028	-232545.4336
3029	-232431.3095
3030	-232148.6328
3031	-232167.9461
3032	-232239.9321
3033	-232173.2134
3034	-232275.0472
3035	-232283.826
3036	-232571.7699
3037	-232262.7569
3038	-232728.0322
3039	-232996.6628
3040	-233353.0812
3041	-233189.7959
3042	-233237.2013
3043	-233286.3625
3044	-233403.9981
3045	-233735.8359
3046	-233784.9971
3047	-234206.3784
3048	-233841.1813
3049	-233749.882
3050	-234055.3834
3051	-233716.5226
3052	-233509.3434
3053	-233674.3845
3054	-234036.0701
3055	-234079.964
3056	-234048.3604
3057	-233844.6928
3058	-233583.0852
3059	-233302.1643
3060	-232877.2714
3061	-233349.5697
3062	-233753.3935
3063	-233493.5416
3064	-233114.2984
3065	-232678.871
3066	-232699.9401
3067	-232854.4466
3068	-233451.4035
3069	-233593.6197
3070	-233716.5226
3071	-233626.9791
3072	-233335.5236
3073	-233574.3064
3074	-234102.7888
3075	-234248.5166
3076	-234174.7748
3077	-234338.0601
3078	-234357.3734
3079	-234490.8108
3080	-234329.2813
3081	-234199.3554
3082	-234106.3004
3083	-234083.4755
3084	-233835.914
3085	-233835.914
3086	-234185.3094
3087	-234218.6687
3088	-234216.913
3089	-234095.7658
3090	-234652.3404
3091	-234836.6947
3092	-234980.6667
3093	-235075.4775
3094	-235066.6987
3095	-235159.7537
3096	-234854.2523
3097	-234833.1832
3098	-234922.7267
3099	-235066.6987
3100	-234726.0821
3101	-234708.5245
3102	-234857.7638
3103	-234266.0741
3104	-234188.8209
3105	-234216.913
3106	-234522.4144
3107	-234517.1472
3108	-234086.987
3109	-233960.5726
3110	-233751.6377
3111	-233700.7208
3112	-233714.7669
3113	-234099.2773
3114	-234079.964
3115	-234060.6507
3116	-233411.0211
3117	-233159.9481
3118	-233149.4135
3119	-233091.4736
3120	-233425.0672
3121	-233665.6057
3122	-233117.8099
3123	-232972.0822
3124	-232803.5297
3125	-232838.6448
3126	-232901.852
3127	-233049.3355
3128	-233200.3304
3129	-233340.7909
3130	-233051.0912
3131	-232933.4556
3132	-233045.824
3133	-233161.7038
3134	-232943.9901
3135	-232694.6728
3136	-233059.87
3137	-232787.7279
3138	-232659.5577
3139	-232721.0092
3140	-232742.0782
3141	-232561.2354
3142	-232854.4466
3143	-232896.5847
3144	-232835.1333
3145	-232638.4886
3146	-232445.3555
3147	-232687.6498
3148	-232401.4616
3149	-231983.5918
3150	-232022.2184
3151	-232203.0612
3152	-231674.5788
3153	-231727.2515
3154	-231729.0072
3155	-232088.9371
3156	-232113.5177
3157	-231948.4767
3158	-232364.5908
3159	-232492.7609
3160	-232455.8901
3161	-232441.844
3162	-232708.7189
3163	-232454.1343
3164	-232340.0102
3165	-232252.2224
3166	-232220.6188
3167	-232111.762
3168	-232220.6188
3169	-232127.5638
3170	-232023.9742
3171	-231844.8871
3172	-231841.3756
3173	-231537.6299
3174	-231625.4176
3175	-231769.3896
3176	-231764.1223
3177	-231786.9472
3178	-231212.8151
3179	-231265.4877
3180	-231660.5328
3181	-231913.3616
3182	-231904.5828
3183	-232352.3005
3184	-232424.2865
3185	-232157.4116
3186	-231981.836
3187	-231967.79
3188	-231899.3155
3189	-231614.8831
3190	-230956.4747
3191	-230598.3006
3192	-230392.8772
3193	-230210.2786
3194	-230118.9793
3195	-229910.0444
3196	-229764.3167
3197	-229602.7871
3198	-229669.5059
3199	-229862.639
3200	-229794.1645
3201	-229579.9623
3202	-229439.5019
3203	-228995.2957
3204	-228979.4939
3205	-229230.5669
3206	-229390.3407
3207	-229513.2436
3208	-229420.1886
3209	-229632.635
3210	-230227.8361
3211	-230556.1625
3212	-230837.0834
3213	-231381.3676
3214	-231734.2745
3215	-231881.758
3216	-232278.5587
3217	-232550.7009
3218	-233231.9341
3219	-233702.4766
3220	-233985.1532
3221	-234380.1982
3222	-234919.2152
3223	-234740.1281
3224	-234791.0451
3225	-234980.6667
3226	-235345.8638
3227	-235560.066
3228	-235449.4534
3229	-235409.071
3230	-235410.8268
3231	-235319.5275
3232	-235054.4084
3233	-234987.6897
3234	-235035.0951
3235	-234761.1972
3236	-234146.6827
3237	-233948.2824
3238	-233851.7158
3239	-233491.7859
3240	-233535.6798
3241	-233653.3154
3242	-233744.6147
3243	-234101.0331
3244	-233948.2824
3245	-233986.909
3246	-234165.9961
3247	-234095.7658
3248	-234086.987
3249	-234259.0511
3250	-233946.5266
3251	-233670.873
3252	-233403.9981
3253	-233253.0031
3254	-233258.2704
3255	-232979.1052
3256	-232733.2994
3257	-232420.7749
3258	-232589.3275
3259	-232296.1163
3260	-232348.789
3261	-232429.5537
3262	-232670.0922
3263	-232491.0052
3264	-232466.4246
3265	-232656.0462
3266	-232575.2814
3267	-232499.7839
3268	-232110.0062
3269	-231976.5688
3270	-231525.3396
3271	-231258.4647
3272	-231326.9392
3273	-231405.9482
3274	-231232.1284
3275	-231204.0363
3276	-231520.0723
3277	-231581.5237
3278	-231520.0723
3279	-231642.9752
3280	-231843.1313
3281	-231683.3576
3282	-231521.8281
3283	-231181.2115
3284	-231170.6769
3285	-231240.9072
3286	-230952.9632
3287	-231021.4377
3288	-231363.81
3289	-231312.8931
3290	-231434.0403
3291	-231700.9151
3292	-231432.2845
3293	-231767.6338
3294	-231799.2374
3295	-231808.0162
3296	-231983.5918
3297	-232310.1623
3298	-232127.5638
3299	-232352.3005
3300	-232427.798
3301	-232661.3135
3302	-233021.2434
3303	-233123.0772
3304	-233188.0402
3305	-233238.9571
3306	-233396.9751
3307	-233026.5106
3308	-232850.9351
3309	-232410.2404
3310	-232299.6278
3311	-232159.1674
3312	-232354.0562
3313	-232387.4156
3314	-232480.4706
3315	-232498.0282
3316	-232194.2825
3317	-232287.3375
3318	-232510.3185
3319	-232815.82
3320	-233142.3905
3321	-232989.6398
3322	-232659.5577
3323	-232803.5297
3324	-232661.3135
3325	-232759.6358
3326	-232919.4095
3327	-232743.834
3328	-232979.1052
3329	-232852.6908
3330	-232861.4696
3331	-232900.0962
3332	-232979.1052
3333	-232907.1193
3334	-233133.6117
3335	-233033.5337
3336	-232784.2164
3337	-233377.6618
3338	-233381.1733
3339	-233518.1222
3340	-233051.0912
3341	-232965.0592
3342	-233010.7088
3343	-232821.0872
3344	-232859.7139
3345	-232796.5067
3346	-232922.9211
3347	-232455.8901
3348	-232213.5958
3349	-232215.3515
3350	-232417.2634
3351	-232642.0002
3352	-232447.1113
3353	-232404.9731
3354	-232181.9922
3355	-232073.1353
3356	-231955.4997
3357	-231832.5968
3358	-231841.3756
3359	-231767.6338
3360	-231762.3666
3361	-231214.5708
3362	-231634.1964
3363	-231635.9522
3364	-231739.5418
3365	-231446.3306
3366	-231288.3126
3367	-230974.0323
3368	-230580.743
3369	-229936.3807
3370	-229509.7321
3371	-229651.9483
3372	-229039.1896
3373	-228779.3377
3374	-228744.2226
3375	-229176.1385
3376	-229425.4558
3377	-230129.5138
3378	-230557.9182
3379	-231207.5478
3380	-231713.2054
3381	-232153.9001
3382	-232469.9361
3383	-232571.7699
3384	-232589.3275
3385	-232622.6868
3386	-232589.3275
3387	-232440.0883
3388	-232404.9731
3389	-232399.7059
3390	-232239.9321
3391	-232118.785
3392	-231967.79
3393	-231642.9752
3394	-231574.5007
3395	-231165.4097
3396	-231205.792
3397	-231060.0643
3398	-231082.8891
3399	-230989.8341
3400	-230940.6729
3401	-230680.8211
3402	-230700.1344
3403	-231674.5788
3404	-231729.0072
3405	-232022.2184
3406	-232032.7529
3407	-231894.0483
3408	-231964.2785
3409	-231892.2925
3410	-231892.2925
3411	-232099.4717
3412	-232390.9271
3413	-231867.7119
3414	-231959.0112
3415	-231950.2324
3416	-231894.0483
3417	-232088.9371
3418	-232361.0793
3419	-233045.824
3420	-233087.9621
3421	-232905.3635
3422	-232587.5717
3423	-232649.0232
3424	-232441.844
3425	-232522.6088
3426	-232742.0782
3427	-233038.8009
3428	-232965.0592
3429	-232712.2304
3430	-233145.902
3431	-233767.4395
3432	-234109.8119
3433	-234139.6597
3434	-234229.2033
3435	-234071.1852
3436	-233941.2593
3437	-233447.892
3438	-232866.7369
3439	-232419.0192
3440	-231871.2234
3441	-231219.8381
3442	-230951.2075
3443	-230845.8621
3444	-230823.0373
3445	-230777.3877
3446	-231019.6819
3447	-231228.6169
3448	-231904.5828
3449	-232468.1803
3450	-232794.7509
3451	-232682.3825
3452	-232636.7329
3453	-232680.6268
3454	-232585.816
3455	-232717.4976
3456	-232587.5717
3457	-232469.9361
3458	-232055.5778
3459	-231867.7119
3460	-231813.2835
3461	-232074.8911
3462	-232146.8771
3463	-232359.3235
3464	-232571.7699
3465	-232627.9541
3466	-232617.4196
3467	-232598.1063
3468	-232636.7329
3469	-232313.6739
3470	-232101.2274
3471	-232373.3695
3472	-232441.844
3473	-232080.1583
3474	-231971.3015
3475	-231764.1223
3476	-231456.8651
3477	-231456.8651
3478	-231439.3075
3479	-231563.9662
3480	-231765.8781
3481	-231813.2835
3482	-231980.0803
3483	-232180.2364
3484	-232046.799
3485	-232248.7109
3486	-232290.849
3487	-232306.6508
3488	-232394.4386
3489	-232431.3095
3490	-232304.8951
3491	-231806.2605
3492	-231451.5978
3493	-231300.6028
3494	-231279.5338
3495	-231307.6259
3496	-231434.0403
3497	-231639.4637
3498	-231823.818
3499	-231841.3756
3500	-231880.0022
3501	-231786.9472
3502	-232159.1674
3503	-232208.3285
3504	-232522.6088
3505	-232496.2724
3506	-232896.5847
3507	-232743.834
3508	-232505.0512
3509	-232452.3785
3510	-232550.7009
3511	-233026.5106
3512	-232850.9351
3513	-233056.3585
3514	-233551.4816
3515	-233830.6467
3516	-233748.1262
3517	-234018.5126
3518	-234094.0101
3519	-233907.9
3520	-233760.4165
3521	-233665.6057
3522	-233648.0481
3523	-233361.86
3524	-233163.4596
3525	-232938.7229
3526	-232764.9031
3527	-232634.9771
3528	-232657.802
3529	-232842.1563
3530	-233024.7549
3531	-233107.2754
3532	-233152.925
3533	-233421.5557
3534	-233428.5787
3535	-233416.2884
3536	-233537.4355
3537	-233400.4866
3538	-233288.1182
3539	-233511.0992
3540	-233528.6568
3541	-233440.869
3542	-233570.7949
3543	-233423.3114
3544	-233173.9941
3545	-233544.4586
3546	-233446.1362
3547	-233681.4075
3548	-233634.0021
3549	-233806.0661
3550	-233806.0661
3551	-233760.4165
3552	-233590.1082
3553	-233856.9831
3554	-233684.919
3555	-233440.869
3556	-233772.7068
3557	-233816.6007
3558	-234011.4896
3559	-233835.914
3560	-233807.8219
3561	-233770.951
3562	-233874.5406
3563	-233730.5687
3564	-233648.0481
3565	-233665.6057
3566	-233303.92
3567	-233281.0952
3568	-233151.1693
3569	-233024.7549
3570	-233182.7729
3571	-233228.4225
3572	-233186.2844
3573	-233407.5096
3574	-233495.2974
3575	-233295.1413
3576	-233367.1272
3577	-233354.8369
3578	-233405.7539
3579	-233834.1582
3580	-233755.1492
3581	-233964.0842
3582	-234029.0471
3583	-233784.9971
3584	-233783.2413
3585	-233806.0661
3586	-234041.3374
3587	-234007.978
3588	-234113.3234
3589	-233684.919
3590	-233623.4676
3591	-233437.3575
3592	-233340.7909
3593	-233526.901
3594	-233813.0892
3595	-233611.1773
3596	-233460.1823
3597	-233286.3625
3598	-233202.0862
3599	-233430.3344
3600	-233430.3344