#1
double pressure(3601,2)  # Flow variation
0	40.19261813
1	40.19267357
2	40.19294779
3	40.19291826
4	40.19264645
5	40.1927013
6	40.1925898
7	40.19254098
8	40.19240357
9	40.19215648
10	40.19185092
11	40.19172315
12	40.19150559
13	40.19135432
14	40.1913507
15	40.1908999
16	40.19056963
17	40.19012305
18	40.1900224
19	40.18963549
20	40.18959149
21	40.18946915
22	40.18929618
23	40.18878752
24	40.18848317
25	40.18834335
26	40.18807878
27	40.18784313
28	40.18752733
29	40.1870488
30	40.18656847
31	40.18601461
32	40.18517268
33	40.18484783
34	40.18428433
35	40.183713
36	40.18322182
37	40.18269327
38	40.18212314
39	40.18196464
40	40.18148129
41	40.18094069
42	40.18075205
43	40.1803579
44	40.18003125
45	40.17986311
46	40.17982755
47	40.17984081
48	40.17963891
49	40.17946233
50	40.17930563
51	40.17958226
52	40.17975282
53	40.17979561
54	40.17992217
55	40.18000956
56	40.18008007
57	40.1800427
58	40.18028076
59	40.18045855
60	40.18077978
61	40.1808979
62	40.18124745
63	40.18146622
64	40.18159218
65	40.18190497
66	40.18215086
67	40.18256611
68	40.18300425
69	40.18335742
70	40.1836003
71	40.18383956
72	40.1842102
73	40.1845929
74	40.1852233
75	40.1857422
76	40.18615745
77	40.18646542
78	40.18690416
79	40.18740258
80	40.18772139
81	40.18820956
82	40.18839217
83	40.18886406
84	40.18910875
85	40.18929799
86	40.18960113
87	40.18989645
88	40.18981267
89	40.18988138
90	40.19020863
91	40.19010557
92	40.19009473
93	40.19012365
94	40.19024178
95	40.19018332
96	40.19003265
97	40.18989162
98	40.18991453
99	40.18969455
100	40.18943841
101	40.18924254
102	40.18900027
103	40.18867663
104	40.18822945
105	40.18782565
106	40.18747188
107	40.18706206
108	40.18651604
109	40.18611225
110	40.1857416
111	40.18528899
112	40.18482795
113	40.1844115
114	40.18387753
115	40.18342733
116	40.18301992
117	40.1826559
118	40.18228345
119	40.18174345
120	40.18134087
121	40.1812137
122	40.18092141
123	40.1804477
124	40.18011804
125	40.17963469
126	40.17928876
127	40.17915014
128	40.1788024
129	40.17863486
130	40.17838776
131	40.17808522
132	40.17781401
133	40.1776983
134	40.17763441
135	40.17766093
136	40.17770252
137	40.17755848
138	40.17766937
139	40.1778339
140	40.17789115
141	40.17807196
142	40.17848539
143	40.17875117
144	40.17888858
145	40.1792297
146	40.17931708
147	40.17961722
148	40.17993302
149	40.18021145
150	40.18046699
151	40.18053991
152	40.18065683
153	40.18088705
154	40.18139149
155	40.18187243
156	40.18248896
157	40.18268122
158	40.18327485
159	40.18385161
160	40.18435605
161	40.18491955
162	40.18558913
163	40.18627196
164	40.1867553
165	40.18726878
166	40.1878359
167	40.18858261
168	40.18881284
169	40.18915757
170	40.18961982
171	40.19023816
172	40.19059254
173	40.1909897
174	40.19141398
175	40.19172737
176	40.19183585
177	40.19210525
178	40.19255545
179	40.19276156
180	40.1930617
181	40.19302554
182	40.19304542
183	40.19305687
184	40.19306833
185	40.19302373
186	40.19293031
187	40.19272902
188	40.1923198
189	40.19207632
190	40.19172978
191	40.19145677
192	40.19128983
193	40.1908095
194	40.19038702
195	40.18985064
196	40.18940346
197	40.18897616
198	40.18866699
199	40.18836203
200	40.18805407
201	40.18764545
202	40.18732001
203	40.18710184
204	40.18666128
205	40.1863949
206	40.18609598
207	40.1858977
208	40.18576933
209	40.18530285
210	40.18467728
211	40.18420357
212	40.1835557
213	40.18298798
214	40.18264686
215	40.1822039
216	40.18186821
217	40.18137582
218	40.18099192
219	40.18057125
220	40.18058692
221	40.18052545
222	40.18034284
223	40.18029161
224	40.18027052
225	40.18013009
226	40.17993242
227	40.18005596
228	40.17988059
229	40.18012166
230	40.17997822
231	40.18016143
232	40.18043203
233	40.18058813
234	40.18079364
235	40.18097203
236	40.18111125
237	40.18120044
238	40.18138426
239	40.18140837
240	40.18181397
241	40.18187122
242	40.18199176
243	40.1821828
244	40.18232142
245	40.18278126
246	40.18333271
247	40.18349965
248	40.18382811
249	40.18448743
250	40.18480625
251	40.18541736
252	40.18571328
253	40.18611285
254	40.18639912
255	40.18654135
256	40.18677218
257	40.18711028
258	40.1874755
259	40.18764063
260	40.18794679
261	40.18806612
262	40.18845063
263	40.18871942
264	40.18915335
265	40.18946433
266	40.18967767
267	40.19007966
268	40.19026106
269	40.19025443
270	40.19025504
271	40.19015138
272	40.19007182
273	40.19003928
274	40.18971866
275	40.18961922
276	40.18926846
277	40.18903341
278	40.18851813
279	40.18809927
280	40.18757976
281	40.18716392
282	40.18660403
283	40.18608211
284	40.18588866
285	40.18538361
286	40.18514134
287	40.18465016
288	40.18447478
289	40.18429217
290	40.18407219
291	40.18373771
292	40.18351713
293	40.18334838
294	40.18283731
295	40.18253236
296	40.18210868
297	40.1816181
298	40.18118116
299	40.18070022
300	40.18011924
301	40.17968713
302	40.17924175
303	40.1786216
304	40.17819852
305	40.17777002
306	40.1774277
307	40.17719024
308	40.1770239
309	40.17673824
310	40.17680574
311	40.17677681
312	40.17669725
313	40.1768642
314	40.17692748
315	40.17693531
316	40.17706669
317	40.17716855
318	40.17725895
319	40.17750544
320	40.17764406
321	40.17779593
322	40.1780828
323	40.17819852
324	40.178307
325	40.17866017
326	40.17881264
327	40.17920197
328	40.17973956
329	40.18007525
330	40.18049531
331	40.18097625
332	40.18130712
333	40.1818664
334	40.18244015
335	40.18264807
336	40.18315371
337	40.1836226
338	40.18392454
339	40.18449346
340	40.18495511
341	40.18536071
342	40.18577595
343	40.18619964
344	40.18652327
345	40.18716271
346	40.18761713
347	40.18801971
348	40.18834516
349	40.18853319
350	40.18892011
351	40.1893004
352	40.18969877
353	40.18992236
354	40.19016343
355	40.19031892
356	40.19050876
357	40.19052383
358	40.19061905
359	40.19093727
360	40.1910361
361	40.19095052
362	40.1908782
363	40.19076309
364	40.19085169
365	40.19096559
366	40.19092702
367	40.19081974
368	40.19064678
369	40.19027673
370	40.19000674
371	40.18987656
372	40.18960355
373	40.18931426
374	40.18894121
375	40.18853319
376	40.18805286
377	40.18770452
378	40.18723081
379	40.18677097
380	40.18607127
381	40.18562709
382	40.18532696
383	40.18491353
384	40.18440848
385	40.18381244
386	40.18353159
387	40.18320012
388	40.18287468
389	40.18261914
390	40.18236421
391	40.18192004
392	40.18156446
393	40.18129506
394	40.18102386
395	40.18088645
396	40.18068335
397	40.18036694
398	40.18013552
399	40.17998605
400	40.1798396
401	40.17971847
402	40.17962867
403	40.17957141
404	40.17966905
405	40.17963349
406	40.17965518
407	40.17967326
408	40.1799963
409	40.1801319
410	40.18037418
411	40.18056703
412	40.18093466
413	40.18100397
414	40.18123359
415	40.18145236
416	40.18178383
417	40.18206709
418	40.18220812
419	40.18252211
420	40.18291506
421	40.18343637
422	40.18370998
423	40.18419453
424	40.18445851
425	40.18503346
426	40.18526308
427	40.18561926
428	40.18617191
429	40.18676133
430	40.18721816
431	40.18767197
432	40.18793052
433	40.18817038
434	40.18856755
435	40.18886105
436	40.18919674
437	40.18960776
438	40.18986691
439	40.18962645
440	40.18977892
441	40.18956377
442	40.18968671
443	40.18989042
444	40.189976
445	40.1898416
446	40.18979037
447	40.18970479
448	40.18953484
449	40.18945047
450	40.18914551
451	40.18908705
452	40.18891529
453	40.18855007
454	40.18822824
455	40.1880155
456	40.18767378
457	40.18735436
458	40.18688427
459	40.18679809
460	40.18649555
461	40.18622314
462	40.18592301
463	40.18559937
464	40.18512446
465	40.18484
466	40.18446815
467	40.1838492
468	40.18353521
469	40.18301088
470	40.18257876
471	40.18208276
472	40.1816422
473	40.1811462
474	40.1807629
475	40.18025003
476	40.17968472
477	40.1794792
478	40.17876383
479	40.17851251
480	40.17822865
481	40.17786464
482	40.17756209
483	40.17725473
484	40.1770896
485	40.17687926
486	40.17685636
487	40.17687926
488	40.17719506
489	40.17693953
490	40.17671232
491	40.17663036
492	40.17648752
493	40.17660444
494	40.17642183
495	40.17650741
496	40.17637844
497	40.17642786
498	40.17642123
499	40.17640014
500	40.17663638
501	40.17684551
502	40.17710285
503	40.17737044
504	40.17780678
505	40.1779466
506	40.17846611
507	40.17866258
508	40.17898863
509	40.17965338
510	40.18020784
511	40.18075929
512	40.18134087
513	40.18184531
514	40.18209481
515	40.18273486
516	40.18327244
517	40.18385463
518	40.1842988
519	40.18478516
520	40.18530044
521	40.18582176
522	40.18615082
523	40.18671432
524	40.187229
525	40.18753516
526	40.1879492
527	40.1881963
528	40.18859105
529	40.18884116
530	40.18911176
531	40.18915274
532	40.18936248
533	40.189571
534	40.18969515
535	40.189662
536	40.18961439
537	40.18959149
538	40.1895939
539	40.18946071
540	40.18921
541	40.18930221
542	40.18924736
543	40.18884417
544	40.18879717
545	40.18867362
546	40.18858563
547	40.18845244
548	40.1883102
549	40.18821197
550	40.18797391
551	40.1877238
552	40.18741403
553	40.18735014
554	40.18697227
555	40.18654376
556	40.18603993
557	40.18561564
558	40.18516002
559	40.18491714
560	40.18468029
561	40.1842548
562	40.18395286
563	40.18354786
564	40.18340684
565	40.18328028
566	40.18328811
567	40.18313503
568	40.18278307
569	40.18246968
570	40.1822714
571	40.18185374
572	40.1813481
573	40.18099192
574	40.18066587
575	40.18042179
576	40.18005054
577	40.17993844
578	40.17998364
579	40.17975282
580	40.17958407
581	40.17966724
582	40.17986913
583	40.18007344
584	40.18018735
585	40.18027775
586	40.18050496
587	40.18070022
588	40.18079123
589	40.18111426
590	40.18146863
591	40.18156868
592	40.18192787
593	40.18223765
594	40.18251428
595	40.18302836
596	40.18325557
597	40.18339418
598	40.18387632
599	40.18412101
600	40.18453987
601	40.18501598
602	40.18550174
603	40.18586334
604	40.18632921
605	40.18680352
606	40.18726878
607	40.18796306
608	40.18823005
609	40.18856514
610	40.18876763
611	40.18907138
612	40.1893462
613	40.1896614
614	40.18992236
615	40.18994285
616	40.1901116
617	40.190111
618	40.19049068
619	40.19069077
620	40.19076791
621	40.19100175
622	40.19108613
623	40.19118557
624	40.19114097
625	40.19112229
626	40.19091738
627	40.19078841
628	40.19054673
629	40.19041475
630	40.19015319
631	40.18972408
632	40.18938056
633	40.18906355
634	40.18865192
635	40.18839759
636	40.18831985
637	40.18800465
638	40.18753577
639	40.18699517
640	40.18656184
641	40.18618939
642	40.18579886
643	40.18514073
644	40.18478094
645	40.18424034
646	40.1834665
647	40.18291867
648	40.18257274
649	40.18214484
650	40.18169162
651	40.18121129
652	40.18069721
653	40.1804923
654	40.18005717
655	40.17966302
656	40.17942014
657	40.17899164
658	40.17856675
659	40.1782612
660	40.17809787
661	40.17800265
662	40.17774049
663	40.17757174
664	40.17736502
665	40.17716192
666	40.1768883
667	40.17683949
668	40.17677801
669	40.1767756
670	40.17670931
671	40.17677862
672	40.17703114
673	40.17694435
674	40.17705102
675	40.17707573
676	40.17742107
677	40.17791164
678	40.17813102
679	40.17831062
680	40.17871501
681	40.17894584
682	40.17924235
683	40.17966965
684	40.18023315
685	40.18058511
686	40.18104797
687	40.1811902
688	40.18164582
689	40.18208577
690	40.18258841
691	40.18295604
692	40.18334898
693	40.18360452
694	40.1839396
695	40.18454047
696	40.18494245
697	40.18542761
698	40.18590131
699	40.18632921
700	40.18650158
701	40.18676977
702	40.18705543
703	40.18741282
704	40.18776056
705	40.17949005
706	40.15124387
707	40.15107994
708	40.14041982
709	40.14269371
710	40.13702495
711	40.13842557
712	40.13393383
713	40.13280019
714	40.12685058
715	40.13619747
716	40.15616592
717	40.15725013
718	40.15935166
719	40.15498648
720	40.15131317
721	40.14543046
722	40.14148716
723	40.13427916
724	40.13340407
725	40.12364978
726	40.12526675
727	40.11770017
728	40.1189917
729	40.1143071
730	40.11653218
731	40.11394731
732	40.11486096
733	40.11582163
734	40.11620915
735	40.11665151
736	40.1172126
737	40.11571013
738	40.11659486
739	40.11566553
740	40.11719332
741	40.1168962
742	40.11845351
743	40.11880607
744	40.1198023
745	40.12134816
746	40.12330987
747	40.12593211
748	40.12804207
749	40.13078244
750	40.13154723
751	40.12424462
752	40.12289462
753	40.11598736
754	40.10888242
755	40.10021836
756	40.09125718
757	40.08191572
758	40.07174316
759	40.06177551
760	40.0515445
761	40.04977022
762	40.04022746
763	40.03854419
764	40.03280552
765	40.03144709
766	40.02567647
767	40.02200196
768	40.0156805
769	40.01015939
770	40.00301347
771	39.99867481
772	39.99370274
773	39.98676715
774	39.98035288
775	39.97242589
776	39.96693974
777	39.96232686
778	39.96032116
779	39.95851253
780	39.95763322
781	39.95420581
782	39.95122377
783	39.94910838
784	39.94830863
785	39.9482104
786	39.9470171
787	39.94571773
788	39.94311719
789	39.94053834
790	39.93912687
791	39.93941977
792	39.94134532
793	39.94317685
794	39.94659161
795	39.95156127
796	39.95611268
797	39.96293436
798	39.9715719
799	39.97973755
800	39.98980584
801	40.0005648
802	40.01086512
803	40.02313439
804	40.0375094
805	40.04853896
806	40.06308754
807	40.07660675
808	40.09043815
809	40.15156219
810	40.21870586
811	40.23665835
812	40.27533263
813	40.29151385
814	40.31979258
815	40.33870032
816	40.37114835
817	40.39084137
818	40.42422235
819	40.39438625
820	40.37804866
821	40.38976949
822	40.40224969
823	40.42421539
824	40.43807029
825	40.45898976
826	40.46862412
827	40.48967678
828	40.49329102
829	40.51852744
830	40.51992806
831	40.53676199
832	40.53789803
833	40.53934084
834	40.53722545
835	40.53945534
836	40.53541682
837	40.53345631
838	40.52961788
839	40.52508455
840	40.51435151
841	40.51222828
842	40.49795211
843	40.49065432
844	40.47854054
845	40.4632808
846	40.44887445
847	40.42810867
848	40.40877304
849	40.3835547
850	40.36002204
851	40.33403528
852	40.30782312
853	40.2845237
854	40.25918
855	40.23257128
856	40.20540509
857	40.17925561
858	40.15440912
859	40.12756415
860	40.10222286
861	40.07559004
862	40.05045968
863	40.0246923
864	40.00019476
865	39.97802595
866	39.9501709
867	39.90573264
868	39.85134903
869	39.80250581
870	39.75757938
871	39.71273552
872	39.6684196
873	39.62292907
874	39.57893015
875	39.53312563
876	39.49402888
877	39.47043655
878	39.45536726
879	39.43687356
880	39.41962741
881	39.39677999
882	39.37978515
883	39.36374314
884	39.3455791
885	39.33084128
886	39.31484025
887	39.30257581
888	39.29006367
889	39.28101751
890	39.2679262
891	39.26052836
892	39.2505571
893	39.24023629
894	39.23165057
895	39.22425756
896	39.21985321
897	39.21341362
898	39.21134946
899	39.2061098
900	39.20809622
901	39.20663051
902	39.20962822
903	39.21797647
904	39.22825088
905	39.23516417
906	39.24319904
907	39.25305398
908	39.26277875
909	39.27308932
910	39.28248262
911	39.29512253
912	39.30329179
913	39.31070349
914	39.31422492
915	39.31941456
916	39.3243354
917	39.33055381
918	39.33125954
919	39.33628404
920	39.33850068
921	39.33697592
922	39.33476349
923	39.32966305
924	39.32678046
925	39.31934405
926	39.30795288
927	39.29516652
928	39.28697195
929	39.26974568
930	39.2491155
931	39.23380152
932	39.21822598
933	39.2021231
934	39.1854302
935	39.1705851
936	39.1552874
937	39.13746026
938	39.11551565
939	39.09585216
940	39.07721443
941	39.0538463
942	39.0287955
943	39.00092056
944	38.96988097
945	38.93767943
946	38.9041737
947	38.86829764
948	38.83291156
949	38.79609775
950	38.75765851
951	38.71992923
952	38.68103016
953	38.64292119
954	38.60699994
955	38.57164098
956	38.53578662
957	38.50128888
958	38.46915605
959	38.4383509
960	38.40841723
961	38.38406071
962	38.36740819
963	38.35433194
964	38.3445228
965	38.33891249
966	38.33748054
967	38.33987918
968	38.3436001
969	38.3509654
970	38.36064255
971	38.36973632
972	38.37496332
973	38.38241601
974	38.38877001
975	38.39630164
976	38.40517905
977	38.41559027
978	38.42726168
979	38.44016315
980	38.45661015
981	38.47362127
982	38.49254829
983	38.51296933
984	38.53666231
985	38.56143286
986	38.58778786
987	38.61690491
988	38.64789748
989	38.67999838
990	38.71073844
991	38.74216614
992	38.77428813
993	38.80441768
994	38.83544642
995	38.86653482
996	38.89558377
997	38.92282831
998	38.9480804
999	38.97215185
1000	38.99598344
1001	39.01813176
1002	39.03885897
1003	39.05817049
1004	39.07451444
1005	39.08709107
1006	39.100456
1007	39.11043148
1008	39.12018397
1009	39.12794884
1010	39.13449209
1011	39.13900552
1012	39.1419303
1013	39.14395891
1014	39.14398965
1015	39.14449408
1016	39.14296329
1017	39.14191705
1018	39.13832329
1019	39.13448425
1020	39.12830984
1021	39.12006705
1022	39.11066472
1023	39.100412
1024	39.08869961
1025	39.07584334
1026	39.06333602
1027	39.05034114
1028	39.03709675
1029	39.02313396
1030	39.00921699
1031	38.99560858
1032	38.98215506
1033	38.96803257
1034	38.95533058
1035	38.94270333
1036	38.92976088
1037	38.91600301
1038	38.90307984
1039	38.88974445
1040	38.87735465
1041	38.86667524
1042	38.85646592
1043	38.84750294
1044	38.83910767
1045	38.8317472
1046	38.82547937
1047	38.81987027
1048	38.81589141
1049	38.81332221
1050	38.81186192
1051	38.81169679
1052	38.81221027
1053	38.81567565
1054	38.81918684
1055	38.82337905
1056	38.82837583
1057	38.83574293
1058	38.84353673
1059	38.85252382
1060	38.86188578
1061	38.87111515
1062	38.88310176
1063	38.8934286
1064	38.90527177
1065	38.91747293
1066	38.92926428
1067	38.94147146
1068	38.954344
1069	38.96848819
1070	38.98366114
1071	39.00008525
1072	39.01464227
1073	39.03094403
1074	39.04622848
1075	39.06125137
1076	39.07684137
1077	39.08947586
1078	39.10261237
1079	39.11346535
1080	39.12353063
1081	39.13227002
1082	39.1422449
1083	39.14987176
1084	39.15664824
1085	39.16367664
1086	39.16836846
1087	39.17381062
1088	39.17643527
1089	39.18018934
1090	39.18282182
1091	39.18435744
1092	39.1848432
1093	39.18351369
1094	39.18292367
1095	39.18162491
1096	39.1808125
1097	39.1795047
1098	39.17813482
1099	39.1751359
1100	39.17080086
1101	39.16789476
1102	39.16409429
1103	39.15956157
1104	39.15527534
1105	39.14962285
1106	39.14424156
1107	39.13944668
1108	39.13471206
1109	39.12874377
1110	39.12396214
1111	39.11711997
1112	39.11012171
1113	39.10400937
1114	39.09635118
1115	39.08913535
1116	39.080992
1117	39.07171863
1118	39.06229339
1119	39.05277414
1120	39.04318497
1121	39.03288163
1122	39.02283745
1123	39.01401428
1124	39.0055702
1125	38.99685551
1126	38.99025863
1127	38.98403721
1128	38.97780555
1129	38.97366397
1130	38.96896069
1131	38.96595876
1132	38.96359145
1133	38.96041897
1134	38.95877668
1135	38.95929559
1136	38.95808602
1137	38.95869472
1138	38.95914914
1139	38.95960898
1140	38.96086073
1141	38.96363424
1142	38.96642162
1143	38.97013108
1144	38.97357899
1145	38.97716852
1146	38.98181394
1147	38.98506357
1148	38.99072992
1149	38.99654273
1150	39.00282682
1151	39.00847088
1152	39.01439698
1153	39.02124096
1154	39.0273774
1155	39.03136892
1156	39.03671827
1157	39.04256301
1158	39.04502856
1159	39.04696254
1160	39.04898934
1161	39.05074734
1162	39.05252041
1163	39.05420911
1164	39.05615937
1165	39.05901906
1166	39.06192215
1167	39.06443651
1168	39.06940436
1169	39.07493571
1170	39.08000903
1171	39.08528365
1172	39.08993751
1173	39.09324137
1174	39.09619629
1175	39.09860518
1176	39.09793199
1177	39.09683151
1178	39.09478965
1179	39.09179194
1180	39.09103197
1181	39.08936858
1182	39.0870079
1183	39.08460745
1184	39.08248
1185	39.07959439
1186	39.0775694
1187	39.07535759
1188	39.07316807
1189	39.07036502
1190	39.06521456
1191	39.06078249
1192	39.05752563
1193	39.05584537
1194	39.05379507
1195	39.05228416
1196	39.05131084
1197	39.05030679
1198	39.0484409
1199	39.04739707
1200	39.04674739
1201	39.04550768
1202	39.04286314
1203	39.03801281
1204	39.03320346
1205	39.02901306
1206	39.02420974
1207	39.02012782
1208	39.01811549
1209	39.01620501
1210	39.01370812
1211	39.0108864
1212	39.00853355
1213	39.00731073
1214	39.00584381
1215	39.00694068
1216	39.00882525
1217	39.01146738
1218	39.01253773
1219	39.01377321
1220	39.01489298
1221	39.01658771
1222	39.0177129
1223	39.01949682
1224	39.02223899
1225	39.02265906
1226	39.02407173
1227	39.02460811
1228	39.02615457
1229	39.02775709
1230	39.02977183
1231	39.03080602
1232	39.03282378
1233	39.03435759
1234	39.03598782
1235	39.03910727
1236	39.04156438
1237	39.04413539
1238	39.0458036
1239	39.0483963
1240	39.0512114
1241	39.05498415
1242	39.05903714
1243	39.06326852
1244	39.06751558
1245	39.06996967
1246	39.07122745
1247	39.07363996
1248	39.07572341
1249	39.07614649
1250	39.0761037
1251	39.07680943
1252	39.07661416
1253	39.07625497
1254	39.07566194
1255	39.07512495
1256	39.07597653
1257	39.07710052
1258	39.07821728
1259	39.08019888
1260	39.08207561
1261	39.08368897
1262	39.08574831
1263	39.08714772
1264	39.08720136
1265	39.08810598
1266	39.08757864
1267	39.08638956
1268	39.08562295
1269	39.08373959
1270	39.08150487
1271	39.07940033
1272	39.07667021
1273	39.07520993
1274	39.07475792
1275	39.07331874
1276	39.07186749
1277	39.06988831
1278	39.06720399
1279	39.06634096
1280	39.06525976
1281	39.06336616
1282	39.06205413
1283	39.0594777
1284	39.05681206
1285	39.05385534
1286	39.05212506
1287	39.04989576
1288	39.04867293
1289	39.04694567
1290	39.0481474
1291	39.04981561
1292	39.05074975
1293	39.05210457
1294	39.05338103
1295	39.05461712
1296	39.05594662
1297	39.05715981
1298	39.05897868
1299	39.06016655
1300	39.06001528
1301	39.05872736
1302	39.05864841
1303	39.05923843
1304	39.06015269
1305	39.06279542
1306	39.06458115
1307	39.06672426
1308	39.06772892
1309	39.06924345
1310	39.06982442
1311	39.07065069
1312	39.07156736
1313	39.07254309
1314	39.07293242
1315	39.07248765
1316	39.07221765
1317	39.07183495
1318	39.07154325
1319	39.07028547
1320	39.06850878
1321	39.06739745
1322	39.0662596
1323	39.06563342
1324	39.06371089
1325	39.06218973
1326	39.06234944
1327	39.06227893
1328	39.06332517
1329	39.06546407
1330	39.06874564
1331	39.07179819
1332	39.07530515
1333	39.07687814
1334	39.08070151
1335	39.0847093
1336	39.0865571
1337	39.08814515
1338	39.08934508
1339	39.09018039
1340	39.09023884
1341	39.09033527
1342	39.08812165
1343	39.08652275
1344	39.08383723
1345	39.07960163
1346	39.07538049
1347	39.0722297
1348	39.06846057
1349	39.06487526
1350	39.06092171
1351	39.05698804
1352	39.05390295
1353	39.05061415
1354	39.04848369
1355	39.04814559
1356	39.04942447
1357	39.05033933
1358	39.05202983
1359	39.0532171
1360	39.05485698
1361	39.05558381
1362	39.05776971
1363	39.05947046
1364	39.06082829
1365	39.06158585
1366	39.06079334
1367	39.06019367
1368	39.05908535
1369	39.05699287
1370	39.05601472
1371	39.05639079
1372	39.05584296
1373	39.05674818
1374	39.05707423
1375	39.05720501
1376	39.05702782
1377	39.05765581
1378	39.05799692
1379	39.05880571
1380	39.05900158
1381	39.0584646
1382	39.05720923
1383	39.05552053
1384	39.05525716
1385	39.05513
1386	39.05634499
1387	39.05546689
1388	39.05421755
1389	39.0534859
1390	39.05352447
1391	39.05507455
1392	39.05694887
1393	39.06018704
1394	39.06260016
1395	39.06526036
1396	39.06697257
1397	39.06942184
1398	39.07240267
1399	39.07487424
1400	39.07610731
1401	39.07693599
1402	39.07861625
1403	39.07870967
1404	39.07910562
1405	39.07882237
1406	39.0774784
1407	39.07612841
1408	39.07431255
1409	39.07440235
1410	39.07510386
1411	39.07514183
1412	39.07453252
1413	39.07624171
1414	39.07691189
1415	39.078964
1416	39.08168568
1417	39.08520892
1418	39.08899974
1419	39.0911525
1420	39.09167984
1421	39.09199866
1422	39.09226263
1423	39.09161355
1424	39.09304791
1425	39.09218488
1426	39.09140803
1427	39.08947526
1428	39.08814455
1429	39.08651311
1430	39.08659688
1431	39.08682047
1432	39.08703201
1433	39.08504258
1434	39.08188938
1435	39.07891217
1436	39.0766003
1437	39.07510386
1438	39.07252803
1439	39.07127386
1440	39.06981418
1441	39.069279
1442	39.06886798
1443	39.07011612
1444	39.07066576
1445	39.07231287
1446	39.0735803
1447	39.07342601
1448	39.07435052
1449	39.07493752
1450	39.07439391
1451	39.07348568
1452	39.07171683
1453	39.06854916
1454	39.06669835
1455	39.06353611
1456	39.06083311
1457	39.05944214
1458	39.05771125
1459	39.05613104
1460	39.05541928
1461	39.05306222
1462	39.05333342
1463	39.05388607
1464	39.053193
1465	39.05390657
1466	39.05447067
1467	39.05398069
1468	39.05404639
1469	39.05427721
1470	39.05463279
1471	39.05717307
1472	39.05969767
1473	39.06168409
1474	39.06397004
1475	39.0666435
1476	39.06923923
1477	39.07262265
1478	39.07532685
1479	39.07744586
1480	39.07931294
1481	39.08030736
1482	39.08050925
1483	39.08165856
1484	39.08295009
1485	39.08327132
1486	39.08363895
1487	39.08484128
1488	39.08566574
1489	39.08647032
1490	39.08713145
1491	39.08806138
1492	39.08826448
1493	39.08895937
1494	39.08851158
1495	39.08918055
1496	39.08917211
1497	39.08920164
1498	39.09061612
1499	39.09216439
1500	39.09400677
1501	39.09595221
1502	39.09762945
1503	39.09837436
1504	39.09978522
1505	39.10034029
1506	39.10211577
1507	39.10387739
1508	39.1043318
1509	39.10440051
1510	39.10513818
1511	39.10537865
1512	39.10594758
1513	39.10667018
1514	39.10828716
1515	39.10966729
1516	39.11064302
1517	39.11017595
1518	39.10983905
1519	39.10966427
1520	39.10828957
1521	39.10710049
1522	39.10526354
1523	39.10418113
1524	39.10306197
1525	39.10207418
1526	39.10039151
1527	39.09808266
1528	39.09726845
1529	39.09630537
1530	39.09693758
1531	39.09712923
1532	39.0970768
1533	39.09616676
1534	39.09483545
1535	39.09301899
1536	39.09109947
1537	39.09086804
1538	39.08960965
1539	39.08859354
1540	39.08679877
1541	39.08425488
1542	39.08263369
1543	39.07937924
1544	39.07671963
1545	39.07459761
1546	39.07386717
1547	39.07224838
1548	39.07133714
1549	39.07086645
1550	39.0711262
1551	39.072161
1552	39.0737171
1553	39.07789545
1554	39.08073887
1555	39.08319839
1556	39.08564646
1557	39.08874421
1558	39.09155147
1559	39.09287374
1560	39.09335347
1561	39.09366988
1562	39.09284662
1563	39.09153038
1564	39.09123446
1565	39.09098435
1566	39.08918718
1567	39.08804691
1568	39.08581641
1569	39.08495519
1570	39.08398368
1571	39.0835383
1572	39.08379564
1573	39.0834244
1574	39.08364678
1575	39.0853174
1576	39.08768832
1577	39.08932338
1578	39.09159667
1579	39.09327874
1580	39.09312807
1581	39.09432318
1582	39.09481436
1583	39.09595944
1584	39.09539533
1585	39.09453954
1586	39.09401762
1587	39.0938555
1588	39.09384525
1589	39.09504036
1590	39.09734378
1591	39.09798503
1592	39.09911625
1593	39.10104421
1594	39.10417571
1595	39.10672804
1596	39.10946358
1597	39.11123545
1598	39.11287774
1599	39.11366122
1600	39.11444168
1601	39.11526674
1602	39.11572176
1603	39.11441637
1604	39.11317426
1605	39.11091663
1606	39.10791471
1607	39.10526716
1608	39.10205791
1609	39.10023964
1610	39.09916145
1611	39.09788438
1612	39.09805132
1613	39.09762704
1614	39.09636383
1615	39.09588893
1616	39.09558759
1617	39.09534833
1618	39.09545801
1619	39.0935168
1620	39.09230361
1621	39.09246995
1622	39.09161174
1623	39.09150687
1624	39.09175457
1625	39.09162319
1626	39.0912869
1627	39.09183593
1628	39.09206013
1629	39.09368976
1630	39.09420565
1631	39.09224575
1632	39.09212642
1633	39.09243921
1634	39.09262182
1635	39.09263207
1636	39.09350956
1637	39.09215716
1638	39.09163585
1639	39.09012373
1640	39.08877133
1641	39.08694342
1642	39.08411627
1643	39.08094499
1644	39.0783342
1645	39.07678472
1646	39.07516594
1647	39.07492969
1648	39.07440114
1649	39.07368637
1650	39.07382679
1651	39.07577223
1652	39.07705593
1653	39.07869882
1654	39.07972759
1655	39.08052251
1656	39.08098356
1657	39.0824113
1658	39.08367812
1659	39.08595744
1660	39.08823555
1661	39.09000501
1662	39.09188897
1663	39.09342097
1664	39.09587747
1665	39.09717745
1666	39.09731365
1667	39.0967851
1668	39.09764934
1669	39.09733233
1670	39.09618183
1671	39.09647352
1672	39.09568161
1673	39.09644037
1674	39.09803385
1675	39.10005522
1676	39.10244422
1677	39.10520629
1678	39.10748922
1679	39.10956845
1680	39.11253663
1681	39.11405296
1682	39.11659142
1683	39.12037803
1684	39.12060464
1685	39.12130555
1686	39.12140801
1687	39.1216551
1688	39.12073662
1689	39.12015986
1690	39.11882373
1691	39.11762019
1692	39.11683189
1693	39.11498168
1694	39.11394327
1695	39.11251252
1696	39.11276564
1697	39.11229375
1698	39.11111974
1699	39.11063398
1700	39.11060565
1701	39.11091784
1702	39.109513
1703	39.10638693
1704	39.10370743
1705	39.10158782
1706	39.10075854
1707	39.10004196
1708	39.10028725
1709	39.10020709
1710	39.0998244
1711	39.09862869
1712	39.09833518
1713	39.09847018
1714	39.0991488
1715	39.10069827
1716	39.10033848
1717	39.09851418
1718	39.09691167
1719	39.09643133
1720	39.09588169
1721	39.09545379
1722	39.09646328
1723	39.09683151
1724	39.09730883
1725	39.09672785
1726	39.09653258
1727	39.09789704
1728	39.09818331
1729	39.09708162
1730	39.09596305
1731	39.09571294
1732	39.09411284
1733	39.09292798
1734	39.09278997
1735	39.09287977
1736	39.09370001
1737	39.0942382
1738	39.09649582
1739	39.09845451
1740	39.10103758
1741	39.1032958
1742	39.10577883
1743	39.10844145
1744	39.10876388
1745	39.10912006
1746	39.10871446
1747	39.10762422
1748	39.10459216
1749	39.10340549
1750	39.10121175
1751	39.09834121
1752	39.09533205
1753	39.0923681
1754	39.09150145
1755	39.0909729
1756	39.09087165
1757	39.09241872
1758	39.09399231
1759	39.09544958
1760	39.09660852
1761	39.09849489
1762	39.10085738
1763	39.10386714
1764	39.10487964
1765	39.10497667
1766	39.10538829
1767	39.10415401
1768	39.10397623
1769	39.10288357
1770	39.10267505
1771	39.1025509
1772	39.10189458
1773	39.10038488
1774	39.09911083
1775	39.0964024
1776	39.09434788
1777	39.09318291
1778	39.09280504
1779	39.09150446
1780	39.09033829
1781	39.08955903
1782	39.08872131
1783	39.08836091
1784	39.08844408
1785	39.09025873
1786	39.09077282
1787	39.09039132
1788	39.0896651
1789	39.08927758
1790	39.08814636
1791	39.08683795
1792	39.08508657
1793	39.08357386
1794	39.08181164
1795	39.07975772
1796	39.07818715
1797	39.07793161
1798	39.07719394
1799	39.07616939
1800	39.07565712
1801	39.07433244
1802	39.07328559
1803	39.07202479
1804	39.07226044
1805	39.07337961
1806	39.07413114
1807	39.07460304
1808	39.07445659
1809	39.07548596
1810	39.075451
1811	39.07577283
1812	39.07726505
1813	39.07947024
1814	39.08097934
1815	39.08131865
1816	39.08153501
1817	39.08323757
1818	39.08556992
1819	39.08756176
1820	39.0900032
1821	39.09371809
1822	39.09607154
1823	39.09733414
1824	39.09771563
1825	39.09791331
1826	39.098654
1827	39.09780905
1828	39.09720336
1829	39.09704606
1830	39.09782954
1831	39.09773311
1832	39.09822128
1833	39.09847259
1834	39.09874802
1835	39.1007272
1836	39.10170956
1837	39.10212119
1838	39.10250088
1839	39.10184215
1840	39.10116836
1841	39.09996181
1842	39.09869257
1843	39.09821164
1844	39.09803686
1845	39.09679716
1846	39.09508375
1847	39.09456063
1848	39.09343242
1849	39.09280684
1850	39.09195346
1851	39.09030273
1852	39.08926131
1853	39.0881789
1854	39.08740145
1855	39.08752681
1856	39.0886526
1857	39.08871709
1858	39.08895997
1859	39.08864597
1860	39.08756779
1861	39.08840792
1862	39.0882241
1863	39.08823435
1864	39.08830185
1865	39.08889247
1866	39.08891236
1867	39.08844408
1868	39.08834946
1869	39.08871769
1870	39.09065529
1871	39.09163886
1872	39.09255613
1873	39.09297198
1874	39.09271765
1875	39.09085116
1876	39.08945416
1877	39.08784803
1878	39.08653299
1879	39.08543793
1880	39.08241732
1881	39.07972156
1882	39.07824199
1883	39.0761043
1884	39.0754058
1885	39.07569147
1886	39.07674736
1887	39.07785869
1888	39.07925027
1889	39.07999457
1890	39.08276929
1891	39.08467796
1892	39.08559342
1893	39.08729839
1894	39.08891175
1895	39.08896599
1896	39.08853448
1897	39.08855437
1898	39.08744364
1899	39.08635942
1900	39.08401924
1901	39.08359857
1902	39.08363232
1903	39.08391437
1904	39.08487262
1905	39.08623286
1906	39.0881777
1907	39.09040277
1908	39.09187812
1909	39.09419239
1910	39.09679655
1911	39.09765055
1912	39.10044696
1913	39.10264733
1914	39.10368694
1915	39.10578787
1916	39.10606932
1917	39.10603376
1918	39.10733252
1919	39.10809129
1920	39.10846254
1921	39.10959979
1922	39.10770618
1923	39.10686545
1924	39.10528644
1925	39.10345491
1926	39.10286067
1927	39.10206816
1928	39.10019685
1929	39.09923679
1930	39.10001725
1931	39.1013576
1932	39.10384665
1933	39.10605545
1934	39.10763808
1935	39.10820881
1936	39.10816602
1937	39.10718788
1938	39.10666054
1939	39.10688956
1940	39.10583548
1941	39.10319034
1942	39.10055484
1943	39.09692553
1944	39.09500179
1945	39.09351197
1946	39.09256095
1947	39.09337336
1948	39.09466248
1949	39.09505663
1950	39.09521875
1951	39.0975047
1952	39.09790186
1953	39.09854913
1954	39.09828938
1955	39.09714068
1956	39.09648618
1957	39.09647955
1958	39.09598174
1959	39.09531397
1960	39.09398146
1961	39.09098074
1962	39.08887198
1963	39.08701092
1964	39.08512514
1965	39.0848455
1966	39.08481718
1967	39.08456225
1968	39.08553376
1969	39.0865782
1970	39.08816805
1971	39.09073364
1972	39.09337577
1973	39.09600223
1974	39.09906683
1975	39.10187229
1976	39.10335185
1977	39.10360377
1978	39.10295529
1979	39.10221882
1980	39.10094417
1981	39.09821706
1982	39.09586361
1983	39.09434005
1984	39.09244705
1985	39.09132306
1986	39.09040759
1987	39.08976514
1988	39.09005744
1989	39.08987121
1990	39.090184
1991	39.0904992
1992	39.09080837
1993	39.09051728
1994	39.09036963
1995	39.08879544
1996	39.08779439
1997	39.08748281
1998	39.08720799
1999	39.08701694
2000	39.08683011
2001	39.08710373
2002	39.08771846
2003	39.08736288
2004	39.08754187
2005	39.08807343
2006	39.08796435
2007	39.08795229
2008	39.08728031
2009	39.08591405
2010	39.08575313
2011	39.08580315
2012	39.08493711
2013	39.08516251
2014	39.08332857
2015	39.0813307
2016	39.079686
2017	39.07808831
2018	39.07755615
2019	39.07755494
2020	39.07688175
2021	39.07589698
2022	39.07530274
2023	39.07419563
2024	39.0741667
2025	39.07571196
2026	39.07595906
2027	39.07650146
2028	39.07500382
2029	39.07384608
2030	39.07285106
2031	39.07151131
2032	39.07168006
2033	39.07154386
2034	39.07132207
2035	39.0704723
2036	39.07051208
2037	39.06936519
2038	39.06899816
2039	39.06940918
2040	39.06939411
2041	39.0701788
2042	39.06970992
2043	39.06971293
2044	39.06992989
2045	39.06950019
2046	39.06838403
2047	39.06848769
2048	39.06832376
2049	39.0677012
2050	39.06758006
2051	39.06686167
2052	39.06729319
2053	39.06714011
2054	39.06669473
2055	39.06648982
2056	39.067116
2057	39.06622585
2058	39.06594259
2059	39.06584797
2060	39.06520914
2061	39.06484452
2062	39.06280145
2063	39.06180282
2064	39.0619788
2065	39.06160092
2066	39.06148219
2067	39.06258147
2068	39.06213248
2069	39.06253688
2070	39.06294911
2071	39.06334868
2072	39.06398149
2073	39.06472941
2074	39.06537548
2075	39.06615172
2076	39.06751497
2077	39.06840693
2078	39.06972378
2079	39.07082848
2080	39.06987083
2081	39.07065069
2082	39.07091888
2083	39.07147154
2084	39.07224115
2085	39.07381414
2086	39.07490618
2087	39.07593917
2088	39.07705834
2089	39.0771843
2090	39.07902004
2091	39.07905681
2092	39.07968781
2093	39.0795281
2094	39.07898449
2095	39.07888203
2096	39.07899533
2097	39.07854935
2098	39.07857045
2099	39.07798284
2100	39.07772068
2101	39.07803105
2102	39.07817389
2103	39.07819739
2104	39.07826429
2105	39.07861505
2106	39.07877054
2107	39.08010667
2108	39.08146932
2109	39.08401803
2110	39.08602072
2111	39.08861524
2112	39.091085
2113	39.09375485
2114	39.09662238
2115	39.09801938
2116	39.09817306
2117	39.09787655
2118	39.0974607
2119	39.0961541
2120	39.09590339
2121	39.09468779
2122	39.09282191
2123	39.09107415
2124	39.08853388
2125	39.08606472
2126	39.08377033
2127	39.08201353
2128	39.08209971
2129	39.08221242
2130	39.08206355
2131	39.08236248
2132	39.08436517
2133	39.08606592
2134	39.08746111
2135	39.08864417
2136	39.09041121
2137	39.09079029
2138	39.08886776
2139	39.08727971
2140	39.08528305
2141	39.08379142
2142	39.08080095
2143	39.07825706
2144	39.07652015
2145	39.074864
2146	39.07359356
2147	39.07346579
2148	39.07551368
2149	39.07821909
2150	39.0796854
2151	39.0811945
2152	39.08386917
2153	39.08637087
2154	39.08836754
2155	39.09019304
2156	39.09196009
2157	39.09275381
2158	39.09159607
2159	39.08917573
2160	39.08749727
2161	39.08606954
2162	39.08390352
2163	39.08224677
2164	39.08064908
2165	39.07984571
2166	39.07854031
2167	39.07739583
2168	39.07760557
2169	39.07865422
2170	39.07970288
2171	39.07989573
2172	39.08093655
2173	39.08129936
2174	39.08223592
2175	39.08304471
2176	39.08442122
2177	39.0861961
2178	39.08790468
2179	39.08923539
2180	39.09084574
2181	39.09253383
2182	39.09342519
2183	39.09487884
2184	39.09539835
2185	39.09526275
2186	39.09408813
2187	39.09223852
2188	39.09101087
2189	39.09046786
2190	39.09075413
2191	39.09124772
2192	39.09111092
2193	39.09044375
2194	39.09091927
2195	39.09177265
2196	39.09405016
2197	39.09684838
2198	39.09794103
2199	39.09835447
2200	39.09748481
2201	39.09714791
2202	39.09685381
2203	39.09611372
2204	39.0936765
2205	39.09300874
2206	39.09238196
2207	39.09218066
2208	39.09140201
2209	39.09107596
2210	39.09129051
2211	39.0899351
2212	39.08939811
2213	39.08877495
2214	39.0891697
2215	39.08767928
2216	39.08515046
2217	39.0834696
2218	39.08311884
2219	39.08165916
2220	39.0806316
2221	39.08084977
2222	39.08043995
2223	39.08011631
2224	39.08058338
2225	39.08020671
2226	39.0809245
2227	39.08095102
2228	39.08130659
2229	39.08256317
2230	39.08324781
2231	39.08304592
2232	39.08194181
2233	39.08076961
2234	39.07864337
2235	39.07698602
2236	39.07585901
2237	39.07506891
2238	39.07294086
2239	39.07174334
2240	39.07121299
2241	39.0703144
2242	39.07084716
2243	39.07094841
2244	39.0714414
2245	39.07341155
2246	39.07487846
2247	39.07510748
2248	39.07629957
2249	39.07734581
2250	39.07807505
2251	39.07911045
2252	39.08044417
2253	39.08265779
2254	39.08460202
2255	39.08515889
2256	39.08503414
2257	39.08624009
2258	39.08633411
2259	39.08582244
2260	39.08408915
2261	39.08359314
2262	39.08283197
2263	39.08274096
2264	39.08307484
2265	39.08424886
2266	39.08519023
2267	39.08614547
2268	39.08835609
2269	39.09018641
2270	39.09314073
2271	39.09514763
2272	39.09656091
2273	39.09670073
2274	39.09662479
2275	39.09579069
2276	39.09517054
2277	39.09289303
2278	39.09084152
2279	39.08923298
2280	39.08757201
2281	39.0854084
2282	39.08458937
2283	39.08395053
2284	39.08300313
2285	39.08211719
2286	39.08094258
2287	39.08113965
2288	39.08220157
2289	39.08214974
2290	39.08138615
2291	39.0823444
2292	39.08309353
2293	39.08385049
2294	39.08526677
2295	39.08583088
2296	39.08754248
2297	39.08905157
2298	39.08878399
2299	39.08896599
2300	39.09010746
2301	39.09022438
2302	39.08985374
2303	39.08879604
2304	39.08803667
2305	39.08791975
2306	39.08685362
2307	39.08585438
2308	39.08491421
2309	39.08482381
2310	39.0840343
2311	39.08297118
2312	39.08249688
2313	39.08336895
2314	39.08408674
2315	39.08462975
2316	39.0855657
2317	39.08572179
2318	39.08669331
2319	39.08594237
2320	39.08533909
2321	39.08568925
2322	39.08579833
2323	39.08589597
2324	39.08479849
2325	39.08430069
2326	39.08471774
2327	39.08440013
2328	39.08374562
2329	39.08444051
2330	39.08593574
2331	39.08759491
2332	39.0886074
2333	39.0891691
2334	39.09003333
2335	39.09010324
2336	39.08990074
2337	39.09072279
2338	39.09046846
2339	39.09071797
2340	39.09006286
2341	39.08918838
2342	39.08876229
2343	39.08869057
2344	39.08922575
2345	39.09005985
2346	39.09089757
2347	39.0907029
2348	39.09121759
2349	39.09141707
2350	39.09177627
2351	39.09182509
2352	39.09142732
2353	39.09092891
2354	39.09028405
2355	39.08956385
2356	39.08858571
2357	39.08803366
2358	39.08815118
2359	39.08877856
2360	39.09012856
2361	39.09123989
2362	39.09338541
2363	39.09587627
2364	39.09930248
2365	39.10246291
2366	39.10439508
2367	39.10756154
2368	39.11015124
2369	39.1111571
2370	39.11150726
2371	39.11101849
2372	39.11008494
2373	39.10996863
2374	39.10869035
2375	39.10826727
2376	39.10801777
2377	39.10751333
2378	39.1062676
2379	39.10544977
2380	39.10517254
2381	39.10488506
2382	39.10391294
2383	39.10268469
2384	39.10280402
2385	39.10265697
2386	39.10366344
2387	39.10436314
2388	39.10528041
2389	39.10599097
2390	39.10657195
2391	39.10778091
2392	39.11009519
2393	39.11087987
2394	39.11149038
2395	39.1114723
2396	39.1106828
2397	39.11009338
2398	39.11028804
2399	39.11062494
2400	39.11120953
2401	39.11251734
2402	39.11381189
2403	39.1144007
2404	39.11438563
2405	39.11445434
2406	39.11418374
2407	39.11269212
2408	39.11110949
2409	39.11106369
2410	39.11061228
2411	39.10952686
2412	39.10774536
2413	39.10789
2414	39.10706795
2415	39.10628025
2416	39.10652193
2417	39.10666054
2418	39.10621516
2419	39.10442522
2420	39.10312826
2421	39.10189278
2422	39.10095803
2423	39.10019866
2424	39.10014683
2425	39.10100142
2426	39.10127865
2427	39.10191929
2428	39.10335306
2429	39.10468316
2430	39.10463374
2431	39.10425647
2432	39.10383399
2433	39.10250088
2434	39.10094236
2435	39.09957248
2436	39.09840931
2437	39.09733836
2438	39.09884866
2439	39.10831609
2440	39.12485109
2441	39.1462539
2442	39.17038682
2443	39.19580887
2444	39.22394838
2445	39.25327336
2446	39.28543573
2447	39.32070248
2448	39.35551662
2449	39.38544246
2450	39.4119662
2451	39.43641372
2452	39.46139943
2453	39.48784422
2454	39.51456202
2455	39.54292754
2456	39.57041978
2457	39.59701885
2458	39.62390661
2459	39.65069371
2460	39.67717647
2461	39.70443909
2462	39.73131901
2463	39.75826703
2464	39.78576229
2465	39.81347812
2466	39.84095951
2467	39.87019348
2468	39.90157779
2469	39.93683008
2470	39.9736457
2471	40.01071747
2472	40.04648323
2473	40.08428966
2474	40.12062133
2475	40.15648835
2476	40.19321598
2477	40.22947594
2478	40.26184442
2479	40.28973985
2480	40.31399512
2481	40.33822146
2482	40.36345246
2483	40.3849523
2484	40.4082222
2485	40.4273716
2486	40.44632273
2487	40.46438792
2488	40.4783501
2489	40.49382921
2490	40.51021414
2491	40.52166196
2492	40.53338339
2493	40.54491438
2494	40.55156851
2495	40.56179893
2496	40.57173825
2497	40.57619322
2498	40.58648993
2499	40.59519075
2500	40.60314607
2501	40.6136067
2502	40.62448439
2503	40.63071063
2504	40.64017866
2505	40.64720886
2506	40.65203449
2507	40.65957154
2508	40.66558504
2509	40.66738704
2510	40.66567182
2511	40.66481723
2512	40.66035321
2513	40.65751521
2514	40.65377802
2515	40.6498968
2516	40.64795377
2517	40.64310103
2518	40.636471
2519	40.63457739
2520	40.63458402
2521	40.63391686
2522	40.6309752
2523	40.632641
2524	40.63181232
2525	40.63028936
2526	40.63083659
2527	40.631696
2528	40.63526505
2529	40.63492815
2530	40.64042455
2531	40.65014871
2532	40.66405063
2533	40.6682344
2534	40.66065937
2535	40.65096474
2536	40.63686334
2537	40.6285422
2538	40.61504228
2539	40.60409709
2540	40.58785921
2541	40.56713019
2542	40.54256635
2543	40.52643454
2544	40.52110991
2545	40.52223872
2546	40.52051989
2547	40.51496142
2548	40.51290207
2549	40.5089208
2550	40.50501245
2551	40.49859999
2552	40.49460485
2553	40.48511573
2554	40.48074392
2555	40.47130241
2556	40.46208208
2557	40.45191194
2558	40.44304116
2559	40.43259258
2560	40.41972908
2561	40.40734109
2562	40.39495792
2563	40.38341247
2564	40.36975826
2565	40.3528731
2566	40.34059299
2567	40.32803987
2568	40.31278314
2569	40.29724075
2570	40.28455142
2571	40.27127991
2572	40.25509747
2573	40.24163069
2574	40.22900706
2575	40.21693849
2576	40.20251406
2577	40.1905841
2578	40.17826903
2579	40.1678982
2580	40.15659984
2581	40.14585414
2582	40.1376439
2583	40.12902504
2584	40.11855355
2585	40.1119868
2586	40.107166
2587	40.0991227
2588	40.09543674
2589	40.08917012
2590	40.08609768
2591	40.0826775
2592	40.07936278
2593	40.07856906
2594	40.07731068
2595	40.0768207
2596	40.07528749
2597	40.07862692
2598	40.07759695
2599	40.08234482
2600	40.08322473
2601	40.08725421
2602	40.0917333
2603	40.09459781
2604	40.10001044
2605	40.10325765
2606	40.11010525
2607	40.11433422
2608	40.12035254
2609	40.12587184
2610	40.13124107
2611	40.13742934
2612	40.14408589
2613	40.1484137
2614	40.1544278
2615	40.16228247
2616	40.1670894
2617	40.17277565
2618	40.17883615
2619	40.18423974
2620	40.1888725
2621	40.19405189
2622	40.19671994
2623	40.20324148
2624	40.20602765
2625	40.20767235
2626	40.21050915
2627	40.21354181
2628	40.21371598
2629	40.21430901
2630	40.21465194
2631	40.21499184
2632	40.21175548
2633	40.21021504
2634	40.20893255
2635	40.20663214
2636	40.2027268
2637	40.19808319
2638	40.2031215
2639	40.35587026
2640	40.31460826
2641	40.33671456
2642	40.31886572
2643	40.32821985
2644	40.31834803
2645	40.31554438
2646	40.32932395
2647	40.3206177
2648	40.31962038
2649	40.1592743
2650	40.20453318
2651	40.17112612
2652	40.20147082
2653	40.18234372
2654	40.19770049
2655	40.18892975
2656	40.18649254
2657	40.1813252
2658	40.18972046
2659	40.17820816
2660	40.18315552
2661	40.17196384
2662	40.17273647
2663	40.16081314
2664	40.163348
2665	40.15998567
2666	40.15065144
2667	40.15012349
2668	40.13586721
2669	40.13925485
2670	40.124332
2671	40.13147792
2672	40.11426552
2673	40.11606933
2674	40.10325464
2675	40.10159005
2676	40.09444534
2677	40.09338824
2678	40.08455242
2679	40.08206759
2680	40.07113205
2681	40.07318114
2682	40.06171103
2683	40.06747562
2684	40.0552178
2685	40.05707766
2686	40.04874447
2687	40.05056274
2688	40.04732698
2689	40.04755238
2690	40.04840155
2691	40.04661944
2692	40.04630183
2693	40.05066459
2694	40.05097316
2695	40.05673233
2696	40.05741154
2697	40.06306765
2698	40.06482626
2699	40.0713689
2700	40.07807788
2701	40.08308189
2702	40.09107578
2703	40.09560549
2704	40.10374582
2705	40.11172645
2706	40.12109925
2707	40.13052389
2708	40.13886612
2709	40.14880966
2710	40.15737428
2711	40.1688004
2712	40.18153011
2713	40.19152005
2714	40.20391708
2715	40.21393053
2716	40.22654875
2717	40.23763436
2718	40.25109089
2719	40.26220181
2720	40.27340856
2721	40.28370587
2722	40.29426594
2723	40.30533769
2724	40.31616957
2725	40.32618724
2726	40.33574326
2727	40.34318028
2728	40.35266337
2729	40.36091761
2730	40.36946777
2731	40.37687103
2732	40.38321178
2733	40.38841166
2734	40.39437814
2735	40.39951896
2736	40.40418909
2737	40.40825896
2738	40.41047801
2739	40.41139709
2740	40.41280313
2741	40.4131792
2742	40.41312135
2743	40.41179847
2744	40.40999828
2745	40.40790338
2746	40.40825655
2747	40.42231658
2748	40.4471027
2749	40.4240793
2750	40.42895894
2751	40.41731224
2752	40.41857545
2753	40.40530755
2754	40.40398106
2755	40.39476676
2756	40.38986098
2757	40.35561621
2758	40.33124046
2759	40.33122901
2760	40.32486015
2761	40.31507753
2762	40.30762424
2763	40.30220438
2764	40.29138275
2765	40.28429528
2766	40.26981601
2767	40.27234484
2768	40.25116863
2769	40.25220825
2770	40.23369828
2771	40.23125383
2772	40.21605737
2773	40.21178079
2774	40.20073255
2775	40.19261391
2776	40.18241544
2777	40.17634951
2778	40.16549894
2779	40.16274653
2780	40.15121675
2781	40.14881087
2782	40.1382761
2783	40.13512049
2784	40.12715976
2785	40.12340388
2786	40.11789302
2787	40.11230622
2788	40.10818392
2789	40.10448892
2790	40.10122182
2791	40.09830909
2792	40.09560187
2793	40.09390353
2794	40.0914181
2795	40.0911035
2796	40.09070815
2797	40.0901796
2798	40.09135663
2799	40.09067681
2800	40.09298445
2801	40.09325204
2802	40.09687532
2803	40.09744365
2804	40.10121519
2805	40.10228253
2806	40.10615893
2807	40.10839667
2808	40.11265517
2809	40.11517797
2810	40.11936837
2811	40.12205329
2812	40.12703319
2813	40.12990072
2814	40.13589674
2815	40.1386136
2816	40.14431189
2817	40.14684072
2818	40.15240462
2819	40.1557573
2820	40.16027676
2821	40.16380965
2822	40.16751188
2823	40.17022512
2824	40.17405211
2825	40.17686178
2826	40.1807171
2827	40.18271015
2828	40.1858977
2829	40.18674928
2830	40.18969696
2831	40.19075948
2832	40.19233788
2833	40.19338594
2834	40.19332507
2835	40.19372343
2836	40.19285076
2837	40.1925892
2838	40.19179005
2839	40.19025745
2840	40.18852596
2841	40.18646361
2842	40.184074
2843	40.18147406
2844	40.17874876
2845	40.17552385
2846	40.17171855
2847	40.1686648
2848	40.16398442
2849	40.16076734
2850	40.15621654
2851	40.15214908
2852	40.1475784
2853	40.14323612
2854	40.13874257
2855	40.13451059
2856	40.13003391
2857	40.12616353
2858	40.12121858
2859	40.11716378
2860	40.11295832
2861	40.10931093
2862	40.10514403
2863	40.10166539
2864	40.09745208
2865	40.09425429
2866	40.09096007
2867	40.08787557
2868	40.08520934
2869	40.08317531
2870	40.08084235
2871	40.07915607
2872	40.07791154
2873	40.07726909
2874	40.0768436
2875	40.07693822
2876	40.07716603
2877	40.07775786
2878	40.07924345
2879	40.08083633
2880	40.08282094
2881	40.08514485
2882	40.08816365
2883	40.09118727
2884	40.09495399
2885	40.09900096
2886	40.10351018
2887	40.10828156
2888	40.11358088
2889	40.11873375
2890	40.12447906
2891	40.13066371
2892	40.13709365
2893	40.14375382
2894	40.15083766
2895	40.158033
2896	40.165376
2897	40.17313062
2898	40.18111245
2899	40.18916661
2900	40.19744194
2901	40.20567448
2902	40.21401672
2903	40.22209618
2904	40.23041551
2905	40.23824065
2906	40.24653105
2907	40.2541344
2908	40.26188119
2909	40.26931037
2910	40.2766835
2911	40.28357268
2912	40.28978927
2913	40.29624332
2914	40.30205612
2915	40.30747598
2916	40.31235886
2917	40.31699223
2918	40.32092529
2919	40.32454435
2920	40.32789221
2921	40.33064825
2922	40.33306497
2923	40.33504898
2924	40.33639174
2925	40.33716618
2926	40.33730118
2927	40.33728129
2928	40.33641042
2929	40.335413
2930	40.33325241
2931	40.33096586
2932	40.32846475
2933	40.32511629
2934	40.32149903
2935	40.31753885
2936	40.31361242
2937	40.30880307
2938	40.30410643
2939	40.29866849
2940	40.29315823
2941	40.28716884
2942	40.28091126
2943	40.27455244
2944	40.2679429
2945	40.26116159
2946	40.25409101
2947	40.24698366
2948	40.23977747
2949	40.23252728
2950	40.22547297
2951	40.21859765
2952	40.21170425
2953	40.20491511
2954	40.19812537
2955	40.19181536
2956	40.18567591
2957	40.17996014
2958	40.17426184
2959	40.16904991
2960	40.16381386
2961	40.15897498
2962	40.15428617
2963	40.15019702
2964	40.14641222
2965	40.14301313
2966	40.13980268
2967	40.13683752
2968	40.13440452
2969	40.13242111
2970	40.1309313
2971	40.12969642
2972	40.12903649
2973	40.12841874
2974	40.12848685
2975	40.12864113
2976	40.12896718
2977	40.12992664
2978	40.13119648
2979	40.13261698
2980	40.13417369
2981	40.13620531
2982	40.13838278
2983	40.14102852
2984	40.14373694
2985	40.1466551
2986	40.15007227
2987	40.15336468
2988	40.15684935
2989	40.16033161
2990	40.16425502
2991	40.16818868
2992	40.17201628
2993	40.17563233
2994	40.17939724
2995	40.18311695
2996	40.18665586
2997	40.19018935
2998	40.19365895
2999	40.19690978
3000	40.19990025
3001	40.20272499
3002	40.20526105
3003	40.2077055
3004	40.20987091
3005	40.21185613
3006	40.21345563
3007	40.21483575
3008	40.21563128
3009	40.21641054
3010	40.21682518
3011	40.21677396
3012	40.2165371
3013	40.21585789
3014	40.21451874
3015	40.21287404
3016	40.21120704
3017	40.20879936
3018	40.20631513
3019	40.20338432
3020	40.20029681
3021	40.19681456
3022	40.19280918
3023	40.18886888
3024	40.18484482
3025	40.18058029
3026	40.17609759
3027	40.17171132
3028	40.16719728
3029	40.16240541
3030	40.15751169
3031	40.15245404
3032	40.14780199
3033	40.142804
3034	40.13778733
3035	40.13302559
3036	40.12788779
3037	40.12293259
3038	40.11806418
3039	40.11331389
3040	40.1084274
3041	40.1040779
3042	40.09946261
3043	40.09554642
3044	40.09163506
3045	40.08783218
3046	40.08468501
3047	40.0817325
3048	40.07895779
3049	40.07658023
3050	40.07467759
3051	40.0731034
3052	40.07218372
3053	40.07120678
3054	40.07088375
3055	40.07099464
3056	40.07130622
3057	40.07205776
3058	40.07311907
3059	40.07472701
3060	40.07679358
3061	40.0793664
3062	40.08211159
3063	40.08535579
3064	40.08903331
3065	40.09272831
3066	40.09696392
3067	40.10146108
3068	40.10645123
3069	40.1116041
3070	40.11700588
3071	40.12246793
3072	40.12829942
3073	40.13425746
3074	40.14053855
3075	40.1470607
3076	40.15376184
3077	40.16068116
3078	40.16750344
3079	40.17463189
3080	40.1819568
3081	40.1894125
3082	40.1966434
3083	40.20405148
3084	40.21123115
3085	40.21866153
3086	40.22579781
3087	40.2328684
3088	40.2397166
3089	40.24619355
3090	40.25253369
3091	40.25860263
3092	40.26441604
3093	40.26976418
3094	40.27480496
3095	40.27943652
3096	40.28372395
3097	40.28750332
3098	40.29089759
3099	40.29382237
3100	40.29616678
3101	40.29816405
3102	40.29996364
3103	40.30098638
3104	40.30177648
3105	40.30239784
3106	40.30210916
3107	40.30169633
3108	40.30068926
3109	40.29957913
3110	40.29796697
3111	40.29585942
3112	40.29328117
3113	40.29061192
3114	40.28743522
3115	40.28350578
3116	40.2799283
3117	40.27579334
3118	40.27143781
3119	40.26690509
3120	40.26183719
3121	40.25667407
3122	40.25141573
3123	40.24611641
3124	40.24073391
3125	40.23531647
3126	40.22957478
3127	40.22405186
3128	40.21855004
3129	40.21285898
3130	40.20746202
3131	40.20211508
3132	40.19682239
3133	40.1919365
3134	40.18717296
3135	40.18272099
3136	40.17839499
3137	40.17421242
3138	40.17038363
3139	40.16679289
3140	40.16354025
3141	40.16049975
3142	40.15782508
3143	40.15532217
3144	40.1532339
3145	40.15117034
3146	40.14972995
3147	40.14872288
3148	40.14794663
3149	40.14747956
3150	40.14749221
3151	40.14757478
3152	40.14811658
3153	40.1488187
3154	40.14982216
3155	40.15097266
3156	40.15239015
3157	40.15415961
3158	40.15617676
3159	40.15824273
3160	40.16071431
3161	40.16372708
3162	40.16684894
3163	40.16998827
3164	40.17333613
3165	40.17715529
3166	40.1806038
3167	40.18392213
3168	40.18778226
3169	40.191778
3170	40.19569418
3171	40.19944764
3172	40.20305345
3173	40.20655198
3174	40.20993058
3175	40.21343212
3176	40.21711025
3177	40.22059311
3178	40.22337626
3179	40.22600574
3180	40.22827842
3181	40.23044806
3182	40.23237601
3183	40.23400866
3184	40.23547497
3185	40.23612827
3186	40.23657907
3187	40.23666646
3188	40.23668092
3189	40.23643985
3190	40.23567204
3191	40.23454986
3192	40.23307632
3193	40.23141535
3194	40.229174
3195	40.2268097
3196	40.22393072
3197	40.22081128
3198	40.21717413
3199	40.21336221
3200	40.20942734
3201	40.2051369
3202	40.20064034
3203	40.19593766
3204	40.19126633
3205	40.18620325
3206	40.18115645
3207	40.17595235
3208	40.17068436
3209	40.16542783
3210	40.16000255
3211	40.15455858
3212	40.14916524
3213	40.14385266
3214	40.13837193
3215	40.13321664
3216	40.12793721
3217	40.12314955
3218	40.1182944
3219	40.11358028
3220	40.10924403
3221	40.10510606
3222	40.10085057
3223	40.09711941
3224	40.09359978
3225	40.09027362
3226	40.0872048
3227	40.08437825
3228	40.08213569
3229	40.08000283
3230	40.07804052
3231	40.07639521
3232	40.07548336
3233	40.07461611
3234	40.0743437
3235	40.07448232
3236	40.07504281
3237	40.07603662
3238	40.07732996
3239	40.07894573
3240	40.08103702
3241	40.08354595
3242	40.0862604
3243	40.08927137
3244	40.09259512
3245	40.09629977
3246	40.10030696
3247	40.10429245
3248	40.10872814
3249	40.1135176
3250	40.11845291
3251	40.12375404
3252	40.12911001
3253	40.13467693
3254	40.14029326
3255	40.14605965
3256	40.15218645
3257	40.15845608
3258	40.16456721
3259	40.17085311
3260	40.17714806
3261	40.1833755
3262	40.18968913
3263	40.19600637
3264	40.20246283
3265	40.20852996
3266	40.21431142
3267	40.22013688
3268	40.22591413
3269	40.23142499
3270	40.2366074
3271	40.24128657
3272	40.2458229
3273	40.25012058
3274	40.25424107
3275	40.25797826
3276	40.26138036
3277	40.26405323
3278	40.26649406
3279	40.26866852
3280	40.27061998
3281	40.27215981
3282	40.27329345
3283	40.27383947
3284	40.27384068
3285	40.27376474
3286	40.27302706
3287	40.2722014
3288	40.27083333
3289	40.26900662
3290	40.26691051
3291	40.26460347
3292	40.26218373
3293	40.25929933
3294	40.2559828
3295	40.25220885
3296	40.24875492
3297	40.24488333
3298	40.24086048
3299	40.23660016
3300	40.23227657
3301	40.22783124
3302	40.22318522
3303	40.21863381
3304	40.21401431
3305	40.20973049
3306	40.20517848
3307	40.20061442
3308	40.19617753
3309	40.19170507
3310	40.18746706
3311	40.18346831
3312	40.17958949
3313	40.17602527
3314	40.17268886
3315	40.16939886
3316	40.16645057
3317	40.1640031
3318	40.16159722
3319	40.15962527
3320	40.15776361
3321	40.15623221
3322	40.15503469
3323	40.15415901
3324	40.15373111
3325	40.15357803
3326	40.15350269
3327	40.15371242
3328	40.15432233
3329	40.15501842
3330	40.15627259
3331	40.15774071
3332	40.15930043
3333	40.16109279
3334	40.16315032
3335	40.16549774
3336	40.16819772
3337	40.17109539
3338	40.17412504
3339	40.17755366
3340	40.18075085
3341	40.1843898
3342	40.18811192
3343	40.19199195
3344	40.19589789
3345	40.19980081
3346	40.20360671
3347	40.20743671
3348	40.21141798
3349	40.21524437
3350	40.21916296
3351	40.2226422
3352	40.22601357
3353	40.22917942
3354	40.23193064
3355	40.23475598
3356	40.23758855
3357	40.24001854
3358	40.24207185
3359	40.24396727
3360	40.24563788
3361	40.24697221
3362	40.24813959
3363	40.24887124
3364	40.24975777
3365	40.24996569
3366	40.2498096
3367	40.24938291
3368	40.24866813
3369	40.24765564
3370	40.24602962
3371	40.24417579
3372	40.24221891
3373	40.23961595
3374	40.23673818
3375	40.23359462
3376	40.22991107
3377	40.22613109
3378	40.22199493
3379	40.21737723
3380	40.21289152
3381	40.20813641
3382	40.20313541
3383	40.19845383
3384	40.19327806
3385	40.18778708
3386	40.18268303
3387	40.17747832
3388	40.17228025
3389	40.16727262
3390	40.16200644
3391	40.15673243
3392	40.15158197
3393	40.14620249
3394	40.14092667
3395	40.13628125
3396	40.13145924
3397	40.12687529
3398	40.12222023
3399	40.11795389
3400	40.11388342
3401	40.10996905
3402	40.10618364
3403	40.10290208
3404	40.10000019
3405	40.09712905
3406	40.09469725
3407	40.09206959
3408	40.09015067
3409	40.08854635
3410	40.08737234
3411	40.08653703
3412	40.08593375
3413	40.08552936
3414	40.08540762
3415	40.08571378
3416	40.08618326
3417	40.08747359
3418	40.08897244
3419	40.09062679
3420	40.09277472
3421	40.09503536
3422	40.0978384
3423	40.10101751
3424	40.10429606
3425	40.10779821
3426	40.1115589
3427	40.11531598
3428	40.11938946
3429	40.12360156
3430	40.12808727
3431	40.13286769
3432	40.13750829
3433	40.14230197
3434	40.14732407
3435	40.15261917
3436	40.15793658
3437	40.16324132
3438	40.1683725
3439	40.17384901
3440	40.17907059
3441	40.18417043
3442	40.18929498
3443	40.19449426
3444	40.19956095
3445	40.20432088
3446	40.20924232
3447	40.21399502
3448	40.21862417
3449	40.22292667
3450	40.22681995
3451	40.23054509
3452	40.23409424
3453	40.23727878
3454	40.24015474
3455	40.24286136
3456	40.244943
3457	40.2466787
3458	40.24797566
3459	40.24903155
3460	40.2498548
3461	40.250349
3462	40.2504852
3463	40.2502152
3464	40.24988072
3465	40.24895862
3466	40.24762671
3467	40.24630384
3468	40.24468385
3469	40.24280651
3470	40.24051334
3471	40.23803393
3472	40.23528392
3473	40.23222836
3474	40.22899199
3475	40.22570982
3476	40.2223023
3477	40.21873325
3478	40.21514914
3479	40.21132035
3480	40.20760003
3481	40.20382668
3482	40.20023413
3483	40.1965554
3484	40.19294598
3485	40.18948542
3486	40.18606223
3487	40.18270352
3488	40.17939302
3489	40.17627598
3490	40.17326924
3491	40.17066146
3492	40.16773547
3493	40.16526571
3494	40.16305148
3495	40.16087703
3496	40.15907262
3497	40.15740019
3498	40.15622618
3499	40.15542221
3500	40.15480086
3501	40.15463693
3502	40.15493103
3503	40.15524021
3504	40.15572054
3505	40.15663962
3506	40.15775216
3507	40.15927391
3508	40.16090716
3509	40.16252414
3510	40.16435748
3511	40.16635052
3512	40.16869855
3513	40.1715046
3514	40.17448363
3515	40.17761995
3516	40.18095877
3517	40.18433737
3518	40.18770271
3519	40.1915532
3520	40.1957876
3521	40.19976766
3522	40.2037634
3523	40.20763258
3524	40.21158673
3525	40.21544506
3526	40.21925637
3527	40.22320691
3528	40.22732198
3529	40.2310887
3530	40.23445283
3531	40.2378025
3532	40.2410015
3533	40.24397751
3534	40.24662627
3535	40.24919186
3536	40.25153325
3537	40.25355884
3538	40.25536145
3539	40.25689586
3540	40.25828201
3541	40.25928185
3542	40.25997071
3543	40.26017501
3544	40.26007678
3545	40.25981582
3546	40.25912455
3547	40.25828743
3548	40.25682655
3549	40.25504444
3550	40.25295376
3551	40.25052739
3552	40.24777437
3553	40.24501351
3554	40.24182235
3555	40.23833105
3556	40.23472404
3557	40.2306373
3558	40.22640712
3559	40.2219419
3560	40.21726031
3561	40.21254559
3562	40.20774347
3563	40.20246765
3564	40.19751125
3565	40.19226014
3566	40.1870482
3567	40.18186459
3568	40.17674969
3569	40.17156849
3570	40.1665482
3571	40.16163821
3572	40.15679089
3573	40.15229553
3574	40.14760672
3575	40.14314391
3576	40.13862867
3577	40.13449793
3578	40.13055583
3579	40.12700969
3580	40.12371004
3581	40.12027178
3582	40.11705591
3583	40.11413896
3584	40.11179877
3585	40.10953391
3586	40.10766743
3587	40.10582264
3588	40.10460041
3589	40.10336975
3590	40.10229217
3591	40.1018492
3592	40.10167865
3593	40.1019167
3594	40.10213608
3595	40.10302382
3596	40.10406584
3597	40.10541222
3598	40.10680621
3599	40.10873416
3600	40.10873416