#1
double pressure(3601,2)  # Flow variation
0	1.646657447
1	1.646656856
2	1.646654171
3	1.646642394
4	1.646639683
5	1.646633081
6	1.646631776
7	1.646635897
8	1.646649594
9	1.646676457
10	1.646714452
11	1.646744621
12	1.646789018
13	1.64684962
14	1.646905031
15	1.646960692
16	1.647007011
17	1.647031179
18	1.64704334
19	1.64703474
20	1.647010341
21	1.646983527
22	1.646940894
23	1.646887127
24	1.64683809
25	1.646811532
26	1.646796008
27	1.646802417
28	1.646817524
29	1.646847849
30	1.646880341
31	1.646928973
32	1.646975341
33	1.647023484
34	1.647074299
35	1.647095663
36	1.647115075
37	1.647131596
38	1.647138135
39	1.647143648
40	1.647138538
41	1.647115919
42	1.647095642
43	1.647069563
44	1.647032115
45	1.647003069
46	1.646966224
47	1.646920123
48	1.64688624
49	1.646849906
50	1.646838225
51	1.646843586
52	1.646861132
53	1.646893277
54	1.646933329
55	1.646971152
56	1.647015663
57	1.647055718
58	1.64708508
59	1.647102904
60	1.647097466
61	1.64708232
62	1.647042754
63	1.646994662
64	1.646935047
65	1.646887471
66	1.646830674
67	1.64679216
68	1.646742497
69	1.646711922
70	1.646695973
71	1.646679133
72	1.646676985
73	1.646665724
74	1.646668873
75	1.646665471
76	1.646679221
77	1.646683109
78	1.646706119
79	1.646719017
80	1.646734075
81	1.646742978
82	1.646743823
83	1.646740188
84	1.646729386
85	1.646709751
86	1.646665029
87	1.646635743
88	1.646613169
89	1.646589162
90	1.646554701
91	1.646521425
92	1.646490448
93	1.646482408
94	1.64647327
95	1.646468251
96	1.646495156
97	1.646501739
98	1.646514719
99	1.646529435
100	1.646560288
101	1.646589776
102	1.646617579
103	1.646622263
104	1.646626082
105	1.646628104
106	1.646612948
107	1.646594437
108	1.646559572
109	1.646531522
110	1.64649509
111	1.646461226
112	1.646442845
113	1.646439978
114	1.64644028
115	1.646455001
116	1.646474666
117	1.64650751
118	1.646546829
119	1.646574706
120	1.646603252
121	1.646641319
122	1.646663028
123	1.646673573
124	1.646690877
125	1.646688213
126	1.646681627
127	1.646665576
128	1.646639134
129	1.646617984
130	1.646607917
131	1.646579961
132	1.646567721
133	1.646582928
134	1.646579805
135	1.646574225
136	1.646584187
137	1.646592126
138	1.646601518
139	1.646618875
140	1.64661844
141	1.64663411
142	1.646658257
143	1.646656437
144	1.646665476
145	1.646706568
146	1.646721668
147	1.64671898
148	1.646733778
149	1.646723411
150	1.646702344
151	1.646686495
152	1.64664827
153	1.64660926
154	1.646596126
155	1.64655465
156	1.646533763
157	1.646554394
158	1.646556849
159	1.646569007
160	1.646610528
161	1.646635397
162	1.646652626
163	1.646688615
164	1.646683368
165	1.646685395
166	1.646695629
167	1.646652391
168	1.646605111
169	1.646590751
170	1.646552942
171	1.646505702
172	1.646503447
173	1.646485533
174	1.646469486
175	1.646477931
176	1.646448187
177	1.646444092
178	1.646474629
179	1.64645346
180	1.646437386
181	1.646477394
182	1.646457917
183	1.646439508
184	1.646474501
185	1.646466873
186	1.646477345
187	1.646521374
188	1.646510984
189	1.646517388
190	1.64655717
191	1.646521004
192	1.64649712
193	1.646512375
194	1.646445639
195	1.646397873
196	1.646392677
197	1.646330192
198	1.646305873
199	1.646326681
200	1.646295525
201	1.646305326
202	1.646363715
203	1.646345388
204	1.646379688
205	1.646446193
206	1.646426507
207	1.646432829
208	1.646472277
209	1.646441172
210	1.646438409
211	1.646462191
212	1.646426996
213	1.646430605
214	1.646458815
215	1.646405108
216	1.646401319
217	1.646438002
218	1.646395227
219	1.64637306
220	1.646389619
221	1.646333969
222	1.646313796
223	1.646331407
224	1.646293547
225	1.646310108
226	1.646349476
227	1.646329995
228	1.646348552
229	1.646404175
230	1.646375148
231	1.646400002
232	1.646435021
233	1.646402795
234	1.646403102
235	1.646406813
236	1.646354596
237	1.646330662
238	1.646319195
239	1.646267694
240	1.646270791
241	1.646282978
242	1.646243556
243	1.646254767
244	1.646270894
245	1.646259531
246	1.646284693
247	1.646303711
248	1.646297747
249	1.646316586
250	1.646318762
251	1.646290347
252	1.646306729
253	1.646313205
254	1.646286559
255	1.64628758
256	1.646292549
257	1.646282028
258	1.646282361
259	1.646265032
260	1.646250416
261	1.646254793
262	1.646239
263	1.646204802
264	1.646208181
265	1.64620022
266	1.646167531
267	1.646179868
268	1.646187829
269	1.646205798
270	1.646234187
271	1.646248547
272	1.646265262
273	1.64630481
274	1.646307807
275	1.646296237
276	1.646320426
277	1.646299874
278	1.646266547
279	1.646253671
280	1.646226127
281	1.646189805
282	1.646176443
283	1.646141708
284	1.646128933
285	1.646153457
286	1.646142094
287	1.646132723
288	1.646168431
289	1.646155607
290	1.646149592
291	1.646179694
292	1.646180641
293	1.646178849
294	1.646198866
295	1.646176799
296	1.646169015
297	1.64621962
298	1.646198785
299	1.646198708
300	1.646237564
301	1.646218008
302	1.646196199
303	1.646212684
304	1.646172138
305	1.646152249
306	1.646162258
307	1.646090996
308	1.646076738
309	1.646095245
310	1.646042029
311	1.646029435
312	1.646060561
313	1.646023983
314	1.646030024
315	1.646066269
316	1.64605301
317	1.646074921
318	1.646114801
319	1.646078684
320	1.646090433
321	1.646127167
322	1.64608506
323	1.646085392
324	1.646111655
325	1.646076843
326	1.646062304
327	1.646070904
328	1.646018968
329	1.646024164
330	1.646043183
331	1.645990502
332	1.645979598
333	1.646011594
334	1.645971765
335	1.645957687
336	1.645979623
337	1.645948549
338	1.645954282
339	1.64599813
340	1.645973173
341	1.645993394
342	1.646057284
343	1.646041261
344	1.64605324
345	1.646111294
346	1.646087412
347	1.64608603
348	1.646115876
349	1.646064784
350	1.646039623
351	1.646055953
352	1.646002507
353	1.645977396
354	1.646006861
355	1.64595582
356	1.645948551
357	1.646005581
358	1.645980368
359	1.645982595
360	1.646047022
361	1.646026519
362	1.646029744
363	1.646084368
364	1.646063581
365	1.64606051
366	1.646120253
367	1.646081346
368	1.64607103
369	1.646121072
370	1.646074562
371	1.646057796
372	1.646087182
373	1.646057361
374	1.646032225
375	1.646065936
376	1.646018224
377	1.645982567
378	1.646007063
379	1.645972098
380	1.645943864
381	1.645991423
382	1.645978497
383	1.645958557
384	1.646022933
385	1.646022447
386	1.646029998
387	1.646109246
388	1.64611539
389	1.646104383
390	1.646169476
391	1.646142855
392	1.646105919
393	1.64613469
394	1.6460944
395	1.646039981
396	1.646051781
397	1.646015971
398	1.645970972
399	1.64600819
400	1.645995007
401	1.645975272
402	1.646041289
403	1.646045333
404	1.646013388
405	1.646087773
406	1.646096041
407	1.646065401
408	1.646122764
409	1.646121023
410	1.646084292
411	1.646138406
412	1.646123278
413	1.646084192
414	1.646145522
415	1.646117749
416	1.646056086
417	1.646098372
418	1.646079661
419	1.646015208
420	1.646047081
421	1.646024681
422	1.64597177
423	1.646015438
424	1.646002335
425	1.645970467
426	1.646055579
427	1.646071295
428	1.646047183
429	1.646124518
430	1.646140384
431	1.646097791
432	1.646151828
433	1.646138671
434	1.646079924
435	1.646110282
436	1.646062695
437	1.645978174
438	1.646001518
439	1.645971537
440	1.645904908
441	1.645956693
442	1.645944379
443	1.645892417
444	1.645938184
445	1.645928483
446	1.645889575
447	1.64592664
448	1.645904729
449	1.64586147
450	1.645905702
451	1.645876314
452	1.645846058
453	1.645908208
454	1.645898916
455	1.645879104
456	1.645918933
457	1.645921441
458	1.645895409
459	1.645899914
460	1.64585407
461	1.645800777
462	1.64578698
463	1.645722092
464	1.645669209
465	1.645672127
466	1.645650139
467	1.645624772
468	1.64564804
469	1.645667315
470	1.645690736
471	1.645744029
472	1.645775513
473	1.645801059
474	1.645832594
475	1.645820922
476	1.645810299
477	1.645807868
478	1.645795427
479	1.645778559
480	1.645759387
481	1.645742442
482	1.645722937
483	1.6457203
484	1.645723628
485	1.645739191
486	1.645745078
487	1.645743082
488	1.645749558
489	1.645744259
490	1.645738065
491	1.645736606
492	1.645709626
493	1.645701743
494	1.645705761
495	1.645699746
496	1.645717869
497	1.645768243
498	1.645794916
499	1.645831724
500	1.645859855
501	1.645863976
502	1.64588868
503	1.645876828
504	1.645849311
505	1.645830063
506	1.645798348
507	1.6457427
508	1.645699492
509	1.645687948
510	1.645695499
511	1.645729441
512	1.645763124
513	1.645815854
514	1.645860853
515	1.64590767
516	1.645944555
517	1.645976091
518	1.645992447
519	1.645976168
520	1.64594645
521	1.645917448
522	1.645893157
523	1.645867637
524	1.645856579
525	1.645851894
526	1.645850128
527	1.645856118
528	1.645867765
529	1.645881433
530	1.645892389
531	1.645886629
532	1.645872346
533	1.645865717
534	1.645860674
535	1.645841732
536	1.645838456
537	1.645857372
538	1.645882636
539	1.645911382
540	1.645964444
541	1.646007857
542	1.646056158
543	1.646082856
544	1.646100674
545	1.646113907
546	1.646113039
547	1.646074209
548	1.646031974
549	1.646002821
550	1.645963043
551	1.645935578
552	1.645932378
553	1.645940109
554	1.645951266
555	1.645975737
556	1.646004275
557	1.646039881
558	1.646082221
559	1.646099547
560	1.646116109
561	1.646132823
562	1.646128856
563	1.646108762
564	1.646100648
565	1.64609965
566	1.64609389
567	1.646101979
568	1.646107815
569	1.64611145
570	1.646125836
571	1.64612581
572	1.646114394
573	1.646129982
574	1.646118515
575	1.646076305
576	1.646061254
577	1.646042287
578	1.646019964
579	1.646026799
580	1.646026056
581	1.646038317
582	1.646061892
583	1.646075461
584	1.646088182
585	1.646126424
586	1.646134743
587	1.646126936
588	1.646118592
589	1.646098472
590	1.646061459
591	1.646037347
592	1.646012697
593	1.645979214
594	1.645972942
595	1.645958045
596	1.645943557
597	1.645959325
598	1.645974325
599	1.645965878
600	1.645971663
601	1.645969743
602	1.645953668
603	1.645953514
604	1.645940793
605	1.645930477
606	1.645931783
607	1.64592116
608	1.64591174
609	1.645918447
610	1.645925665
611	1.645922465
612	1.645929197
613	1.64593168
614	1.645916885
615	1.645894923
616	1.645872398
617	1.645851075
618	1.64582704
619	1.645811195
620	1.645795248
621	1.645793636
622	1.645790103
623	1.645779455
624	1.645794096
625	1.645818183
626	1.645833977
627	1.645845111
628	1.645857091
629	1.645862773
630	1.64586413
631	1.645852074
632	1.645839966
633	1.645833081
634	1.645814267
635	1.645791946
636	1.645775206
637	1.645768576
638	1.645763329
639	1.645761742
640	1.645756008
641	1.645772134
642	1.645777407
643	1.645790359
644	1.645792023
645	1.645805922
646	1.645816647
647	1.645815803
648	1.645826118
649	1.645835999
650	1.645848567
651	1.645841323
652	1.645866715
653	1.645873703
654	1.645892594
655	1.645894001
656	1.645885708
657	1.645886015
658	1.645875392
659	1.645850691
660	1.645839301
661	1.645835717
662	1.645816929
663	1.645812091
664	1.645803132
665	1.645808764
666	1.645826681
667	1.645840555
668	1.645861775
669	1.645895153
670	1.645914889
671	1.645924923
672	1.64593383
673	1.645939615
674	1.645947371
675	1.645950366
676	1.645945989
677	1.645948856
678	1.645944171
679	1.645941381
680	1.64595034
681	1.645958071
682	1.645980391
683	1.645986278
684	1.646005579
685	1.646015459
686	1.646026184
687	1.646024469
688	1.646030101
689	1.646033684
690	1.64603878
691	1.646046152
692	1.646042313
693	1.646055085
694	1.646056672
695	1.646059386
696	1.646074898
697	1.646092278
698	1.646091177
699	1.646086595
700	1.646061124
701	1.64604615
702	1.646030894
703	1.6460108
704	1.645998577
705	1.646390245
706	1.648739307
707	1.650359993
708	1.650752828
709	1.651398837
710	1.652472902
711	1.653208571
712	1.653882365
713	1.653974462
714	1.653885471
715	1.654034906
716	1.651698417
717	1.649265181
718	1.649146334
719	1.649130671
720	1.648106736
721	1.647809588
722	1.648076341
723	1.648808631
724	1.649898371
725	1.649867556
726	1.650391608
727	1.652228386
728	1.652539066
729	1.651797698
730	1.652447557
731	1.652931207
732	1.652181565
733	1.651926865
734	1.651928643
735	1.6523078
736	1.652905061
737	1.652678011
738	1.65292296
739	1.654371406
740	1.65439388
741	1.653585477
742	1.654085232
743	1.653935243
744	1.652892925
745	1.652060866
746	1.651329714
747	1.651132619
748	1.650892012
749	1.650234252
750	1.650522222
751	1.652732993
752	1.653763476
753	1.654640154
754	1.657229359
755	1.659606808
756	1.66129003
757	1.662437929
758	1.663894771
759	1.664893393
760	1.665481606
761	1.664898514
762	1.664820288
763	1.665630734
764	1.664029911
765	1.662167311
766	1.661240675
767	1.661366523
768	1.658571902
769	1.656959307
770	1.654269698
771	1.65155183
772	1.649433695
773	1.646217896
774	1.64411884
775	1.642475021
776	1.639303531
777	1.635464883
778	1.635056295
779	1.633208008
780	1.633847085
781	1.632608792
782	1.630099558
783	1.629318478
784	1.627738319
785	1.625940309
786	1.625227547
787	1.627209923
788	1.623269709
789	1.621006907
790	1.617137555
791	1.616664097
792	1.61577721
793	1.616419827
794	1.614107867
795	1.616056446
796	1.615283389
797	1.610002085
798	1.615461316
799	1.615161194
800	1.615386536
801	1.621564579
802	1.618701641
803	1.617330774
804	1.618333001
805	1.618867514
806	1.617616714
807	1.617851093
808	1.62266643
809	1.622364121
810	1.627536992
811	1.620107401
812	1.631314314
813	1.637292719
814	1.64363747
815	1.647720015
816	1.655240894
817	1.663690263
818	1.662740173
819	1.669686286
820	1.670351435
821	1.680018747
822	1.682261896
823	1.686080448
824	1.688359199
825	1.682611762
826	1.677459858
827	1.680328631
828	1.674192346
829	1.673372762
830	1.675035878
831	1.670446241
832	1.671151926
833	1.669545956
834	1.663324852
835	1.672144591
836	1.672091884
837	1.663930579
838	1.666683773
839	1.665637385
840	1.660248108
841	1.660812384
842	1.649774055
843	1.645467121
844	1.648597284
845	1.637888037
846	1.644717069
847	1.645642872
848	1.639078982
849	1.640273903
850	1.640425781
851	1.637830818
852	1.637757523
853	1.632459683
854	1.631341663
855	1.632601985
856	1.626101556
857	1.623201032
858	1.626521769
859	1.626630929
860	1.623989003
861	1.618825014
862	1.625063154
863	1.627004172
864	1.618591016
865	1.620743346
866	1.614631211
867	1.621870272
868	1.621859532
869	1.619784207
870	1.620771573
871	1.624210742
872	1.620984025
873	1.615237901
874	1.620152163
875	1.613333933
876	1.624010818
877	1.612470508
878	1.614984377
879	1.608463379
880	1.61437082
881	1.611481725
882	1.61357497
883	1.62008139
884	1.623523401
885	1.625815649
886	1.615085422
887	1.625078973
888	1.617029701
889	1.620669436
890	1.610594536
891	1.617866721
892	1.623476647
893	1.624477411
894	1.628899481
895	1.639473464
896	1.655554142
897	1.665762898
898	1.683215153
899	1.699464254
900	1.722877815
901	1.73360199
902	1.740416867
903	1.754212333
904	1.76963804
905	1.778309254
906	1.793291112
907	1.802089513
908	1.807483781
909	1.814108929
910	1.822102639
911	1.833087807
912	1.838581322
913	1.847028413
914	1.842318473
915	1.842818873
916	1.833401971
917	1.82777763
918	1.823298055
919	1.808106311
920	1.792416345
921	1.776389188
922	1.75535282
923	1.736246336
924	1.726084969
925	1.717685998
926	1.70732537
927	1.691450643
928	1.683269898
929	1.678957411
930	1.66763773
931	1.658566054
932	1.655046606
933	1.646476972
934	1.635554954
935	1.622303354
936	1.61198562
937	1.605796021
938	1.594530084
939	1.584317637
940	1.577310695
941	1.568285757
942	1.561790495
943	1.555997751
944	1.548453186
945	1.542295698
946	1.53694503
947	1.530700698
948	1.525639248
949	1.521105022
950	1.515545099
951	1.51117611
952	1.506795994
953	1.501293476
954	1.496673939
955	1.491983271
956	1.485630871
957	1.478210074
958	1.469191403
959	1.459910811
960	1.450829143
961	1.440409633
962	1.429489447
963	1.41833351
964	1.405073155
965	1.3910441
966	1.37687505
967	1.363584854
968	1.35168831
969	1.340185497
970	1.328587314
971	1.319240282
972	1.310486783
973	1.303238659
974	1.297504882
975	1.29277673
976	1.289530722
977	1.286052494
978	1.28340133
979	1.280521589
980	1.27896336
981	1.275755333
982	1.272661767
983	1.269353463
984	1.266111558
985	1.262654133
986	1.259148135
987	1.255996433
988	1.252513314
989	1.250283869
990	1.245396833
991	1.241939019
992	1.237817574
993	1.232892917
994	1.228276354
995	1.225027368
996	1.220498915
997	1.217011784
998	1.213803911
999	1.210004785
1000	1.208070983
1001	1.205079388
1002	1.202323751
1003	1.200602745
1004	1.19837821
1005	1.194067701
1006	1.191982379
1007	1.188620271
1008	1.185099288
1009	1.18147159
1010	1.178528758
1011	1.176194398
1012	1.173657866
1013	1.171259663
1014	1.16914099
1015	1.168177848
1016	1.16623972
1017	1.164920573
1018	1.163941896
1019	1.16265983
1020	1.161149646
1021	1.159358767
1022	1.158561587
1023	1.15807588
1024	1.157891824
1025	1.157437761
1026	1.157706976
1027	1.15808876
1028	1.158010817
1029	1.158342379
1030	1.159236763
1031	1.159562666
1032	1.160392771
1033	1.160923769
1034	1.162381549
1035	1.164121026
1036	1.166253581
1037	1.16789001
1038	1.170280255
1039	1.172510291
1040	1.174148637
1041	1.177099218
1042	1.180073582
1043	1.183137921
1044	1.185936437
1045	1.188494219
1046	1.190847886
1047	1.193777485
1048	1.196336887
1049	1.199334327
1050	1.203152194
1051	1.20648942
1052	1.208208411
1053	1.210573387
1054	1.212633906
1055	1.214542197
1056	1.216219234
1057	1.217705869
1058	1.219573738
1059	1.221205773
1060	1.22211666
1061	1.223459158
1062	1.225914994
1063	1.227272948
1064	1.228817328
1065	1.230680352
1066	1.232055305
1067	1.233739653
1068	1.234273075
1069	1.234931039
1070	1.235915298
1071	1.236456709
1072	1.236544627
1073	1.237558926
1074	1.23808426
1075	1.238352076
1076	1.239029065
1077	1.238699913
1078	1.239504112
1079	1.240482447
1080	1.240816355
1081	1.240805297
1082	1.242023512
1083	1.242922501
1084	1.244071542
1085	1.245491648
1086	1.246596926
1087	1.248035785
1088	1.24933067
1089	1.250613439
1090	1.252352195
1091	1.253736991
1092	1.255151931
1093	1.255384428
1094	1.255559112
1095	1.255829525
1096	1.256365649
1097	1.257502143
1098	1.258220989
1099	1.259158709
1100	1.25956957
1101	1.260647229
1102	1.261383176
1103	1.262649247
1104	1.265526598
1105	1.267643234
1106	1.26959612
1107	1.271497182
1108	1.273756743
1109	1.275535095
1110	1.277506613
1111	1.27959386
1112	1.281284267
1113	1.283584199
1114	1.284219349
1115	1.285598374
1116	1.287198543
1117	1.288727103
1118	1.289649988
1119	1.290063633
1120	1.291522932
1121	1.292686024
1122	1.293490765
1123	1.29382632
1124	1.294440189
1125	1.294818798
1126	1.294978302
1127	1.295129141
1128	1.29506324
1129	1.295428295
1130	1.294851341
1131	1.294248405
1132	1.294038752
1133	1.294112501
1134	1.293637373
1135	1.293270426
1136	1.292956356
1137	1.292528782
1138	1.292549583
1139	1.292505723
1140	1.292052822
1141	1.291983299
1142	1.291746064
1143	1.291338085
1144	1.291300011
1145	1.290667928
1146	1.290344169
1147	1.289366171
1148	1.288791577
1149	1.288298226
1150	1.288387422
1151	1.287942496
1152	1.287780702
1153	1.287606596
1154	1.287398148
1155	1.287095571
1156	1.286978907
1157	1.287412313
1158	1.286929284
1159	1.286721906
1160	1.286170259
1161	1.285672584
1162	1.285013539
1163	1.28421126
1164	1.283419683
1165	1.283168125
1166	1.282673389
1167	1.282149899
1168	1.282168713
1169	1.281696237
1170	1.281380826
1171	1.281038771
1172	1.280884387
1173	1.280618513
1174	1.280252458
1175	1.28052538
1176	1.280334157
1177	1.280290474
1178	1.280483557
1179	1.280583399
1180	1.280991729
1181	1.28179304
1182	1.281905999
1183	1.282130564
1184	1.282819774
1185	1.282920707
1186	1.283219059
1187	1.28369123
1188	1.284086645
1189	1.284606961
1190	1.284963052
1191	1.285221261
1192	1.285862072
1193	1.287116735
1194	1.287727407
1195	1.28853844
1196	1.28943633
1197	1.290340876
1198	1.290563867
1199	1.291407099
1200	1.29218632
1201	1.292632387
1202	1.293112879
1203	1.292702166
1204	1.292900198
1205	1.29350129
1206	1.293563858
1207	1.29377813
1208	1.294259898
1209	1.29448412
1210	1.295042479
1211	1.295202744
1212	1.295806229
1213	1.296556744
1214	1.296898187
1215	1.296842804
1216	1.296797202
1217	1.296885733
1218	1.297323492
1219	1.297370176
1220	1.29697498
1221	1.297949373
1222	1.297861273
1223	1.298303379
1224	1.29925658
1225	1.299984888
1226	1.300716494
1227	1.300941163
1228	1.300778436
1229	1.301119842
1230	1.301851992
1231	1.301759305
1232	1.302411135
1233	1.302860817
1234	1.302669762
1235	1.302229373
1236	1.302448104
1237	1.302926697
1238	1.303181671
1239	1.303169543
1240	1.302925801
1241	1.30192636
1242	1.30110258
1243	1.300315129
1244	1.29986374
1245	1.299892206
1246	1.299720146
1247	1.299359271
1248	1.29966461
1249	1.299737829
1250	1.299661401
1251	1.300399261
1252	1.300685324
1253	1.30120289
1254	1.30142389
1255	1.301616847
1256	1.301572573
1257	1.301640252
1258	1.301390951
1259	1.301593425
1260	1.301738146
1261	1.301618494
1262	1.30170419
1263	1.301878827
1264	1.302196841
1265	1.302688957
1266	1.302112732
1267	1.301665876
1268	1.301876996
1269	1.302136474
1270	1.302305258
1271	1.302827239
1272	1.303329773
1273	1.303168472
1274	1.303458463
1275	1.303149975
1276	1.303797881
1277	1.304507117
1278	1.304329742
1279	1.304286099
1280	1.304524202
1281	1.304524288
1282	1.304478427
1283	1.304475193
1284	1.304187183
1285	1.304307579
1286	1.304662144
1287	1.305370189
1288	1.305922743
1289	1.305953578
1290	1.306254268
1291	1.306949708
1292	1.307533763
1293	1.307722013
1294	1.307202899
1295	1.306397521
1296	1.306235187
1297	1.305967308
1298	1.305983839
1299	1.305887918
1300	1.305995997
1301	1.305673247
1302	1.305195422
1303	1.304903253
1304	1.305029272
1305	1.305518123
1306	1.305434721
1307	1.305099903
1308	1.304809917
1309	1.305233317
1310	1.304933758
1311	1.304817757
1312	1.305097292
1313	1.306218349
1314	1.307438131
1315	1.308561812
1316	1.309074643
1317	1.309374023
1318	1.309413023
1319	1.309394686
1320	1.309797438
1321	1.309697096
1322	1.309288538
1323	1.30883075
1324	1.308283955
1325	1.307626045
1326	1.307705289
1327	1.307733273
1328	1.30834555
1329	1.308527943
1330	1.308326713
1331	1.308156191
1332	1.30845258
1333	1.308059874
1334	1.30769723
1335	1.307846637
1336	1.307422247
1337	1.306929735
1338	1.306495138
1339	1.306307282
1340	1.30635788
1341	1.307230697
1342	1.307287802
1343	1.307446243
1344	1.307688683
1345	1.307581658
1346	1.307084034
1347	1.306651389
1348	1.305791659
1349	1.305188117
1350	1.304820952
1351	1.303874257
1352	1.303515078
1353	1.303315208
1354	1.303271053
1355	1.302886931
1356	1.303031326
1357	1.303312683
1358	1.303884308
1359	1.304113615
1360	1.303807908
1361	1.303328623
1362	1.303137472
1363	1.303024145
1364	1.302799731
1365	1.302878924
1366	1.302831279
1367	1.3033435
1368	1.303622551
1369	1.303665921
1370	1.304004595
1371	1.305058597
1372	1.305433541
1373	1.305676124
1374	1.305884925
1375	1.306477728
1376	1.307046746
1377	1.307335894
1378	1.307950072
1379	1.308375757
1380	1.309198832
1381	1.309780042
1382	1.309950357
1383	1.310325613
1384	1.310916859
1385	1.310953635
1386	1.311802982
1387	1.31249908
1388	1.312261473
1389	1.312336569
1390	1.312345968
1391	1.312442548
1392	1.312336884
1393	1.312816057
1394	1.312881594
1395	1.312967875
1396	1.312967321
1397	1.312982269
1398	1.313501013
1399	1.314429099
1400	1.314539026
1401	1.314247058
1402	1.315093121
1403	1.31503496
1404	1.315186059
1405	1.315803684
1406	1.315832259
1407	1.315966976
1408	1.316367913
1409	1.31644378
1410	1.316866042
1411	1.31760041
1412	1.31774765
1413	1.318538173
1414	1.318675845
1415	1.3185861
1416	1.31851024
1417	1.31874247
1418	1.318337072
1419	1.31754304
1420	1.317136283
1421	1.317132276
1422	1.317117511
1423	1.316852382
1424	1.31777849
1425	1.318135705
1426	1.318367674
1427	1.317658617
1428	1.317579613
1429	1.317639385
1430	1.317737097
1431	1.31733973
1432	1.317410199
1433	1.316942872
1434	1.316184609
1435	1.315506826
1436	1.315304694
1437	1.316024732
1438	1.316383949
1439	1.316977193
1440	1.317304057
1441	1.317616871
1442	1.317350893
1443	1.317855984
1444	1.31771571
1445	1.31787597
1446	1.31841952
1447	1.317866323
1448	1.317817218
1449	1.317503765
1450	1.317196396
1451	1.317156882
1452	1.317371566
1453	1.31692336
1454	1.316928403
1455	1.316988891
1456	1.316588133
1457	1.317164368
1458	1.31703383
1459	1.317515765
1460	1.317936388
1461	1.317657556
1462	1.317779821
1463	1.318148322
1464	1.317991552
1465	1.318036145
1466	1.318354059
1467	1.317546502
1468	1.317684947
1469	1.317501568
1470	1.317330785
1471	1.317333387
1472	1.317546437
1473	1.317493368
1474	1.31758292
1475	1.317286523
1476	1.316723802
1477	1.317352317
1478	1.317763544
1479	1.317776684
1480	1.317968501
1481	1.318199835
1482	1.318515041
1483	1.318742654
1484	1.318920769
1485	1.319352245
1486	1.319359883
1487	1.319738443
1488	1.319793104
1489	1.319802987
1490	1.320155076
1491	1.320581126
1492	1.319999525
1493	1.319572056
1494	1.319549033
1495	1.319466999
1496	1.319701665
1497	1.319335828
1498	1.319250328
1499	1.319451955
1500	1.31940807
1501	1.319501306
1502	1.320105071
1503	1.320996271
1504	1.321706741
1505	1.322193256
1506	1.322837189
1507	1.32343046
1508	1.323562754
1509	1.323431828
1510	1.323097987
1511	1.323041081
1512	1.323105131
1513	1.32318259
1514	1.323669275
1515	1.324129669
1516	1.324749939
1517	1.325069794
1518	1.325268424
1519	1.325824063
1520	1.32603352
1521	1.326402359
1522	1.326544526
1523	1.326464438
1524	1.326160127
1525	1.326003849
1526	1.325833152
1527	1.325359401
1528	1.325496593
1529	1.325724725
1530	1.326332337
1531	1.326183714
1532	1.326215766
1533	1.326546686
1534	1.326811896
1535	1.326662149
1536	1.32566279
1537	1.325729582
1538	1.325339516
1539	1.324941556
1540	1.324227763
1541	1.324192332
1542	1.324184046
1543	1.324277103
1544	1.324032195
1545	1.324070898
1546	1.3250292
1547	1.325508647
1548	1.32594801
1549	1.32620518
1550	1.326397833
1551	1.326416393
1552	1.326531377
1553	1.326354536
1554	1.326407939
1555	1.326220711
1556	1.326041453
1557	1.326060597
1558	1.326206463
1559	1.32621333
1560	1.326446818
1561	1.326687276
1562	1.326488869
1563	1.3266227
1564	1.326659301
1565	1.327404022
1566	1.327704849
1567	1.327871464
1568	1.327594128
1569	1.328116576
1570	1.328256878
1571	1.328163607
1572	1.328283873
1573	1.328455326
1574	1.328831413
1575	1.328662327
1576	1.328380465
1577	1.327906983
1578	1.328133435
1579	1.327326165
1580	1.32711162
1581	1.327232431
1582	1.327523964
1583	1.327444134
1584	1.327516041
1585	1.327793766
1586	1.328066369
1587	1.328481519
1588	1.328152472
1589	1.328298249
1590	1.328543771
1591	1.328664349
1592	1.328306373
1593	1.328345897
1594	1.327809119
1595	1.32773544
1596	1.328397335
1597	1.328495237
1598	1.328858286
1599	1.329694055
1600	1.330323959
1601	1.330696809
1602	1.331337764
1603	1.331593738
1604	1.332353126
1605	1.332752983
1606	1.332499957
1607	1.332742479
1608	1.333345916
1609	1.333569503
1610	1.333500941
1611	1.333276625
1612	1.333311391
1613	1.333491879
1614	1.333361444
1615	1.333251547
1616	1.333119958
1617	1.332674133
1618	1.331809232
1619	1.331260373
1620	1.330835107
1621	1.33073893
1622	1.330843647
1623	1.330523338
1624	1.330813412
1625	1.33046918
1626	1.330042536
1627	1.330074651
1628	1.330425679
1629	1.330851061
1630	1.331292334
1631	1.33135527
1632	1.331110144
1633	1.330925092
1634	1.33048131
1635	1.330079394
1636	1.330182321
1637	1.329750533
1638	1.329801802
1639	1.329249814
1640	1.32914472
1641	1.328708632
1642	1.328124579
1643	1.328024518
1644	1.328121544
1645	1.328523975
1646	1.32866917
1647	1.329174515
1648	1.329593521
1649	1.329968335
1650	1.330329848
1651	1.330782349
1652	1.331150408
1653	1.331202389
1654	1.331128458
1655	1.331271156
1656	1.331246339
1657	1.33146617
1658	1.331538119
1659	1.331774448
1660	1.331087395
1661	1.331045735
1662	1.331362784
1663	1.331464699
1664	1.332029743
1665	1.33247588
1666	1.332933102
1667	1.332945598
1668	1.332825658
1669	1.332480092
1670	1.332962641
1671	1.333301715
1672	1.333660077
1673	1.334334725
1674	1.334398496
1675	1.334537576
1676	1.334719194
1677	1.334963819
1678	1.335255076
1679	1.335677961
1680	1.33582384
1681	1.33600577
1682	1.335186974
1683	1.334045281
1684	1.33354214
1685	1.332810065
1686	1.331859277
1687	1.331856566
1688	1.332184098
1689	1.332784298
1690	1.33324865
1691	1.333297968
1692	1.334349625
1693	1.335626167
1694	1.336019436
1695	1.336721591
1696	1.337965085
1697	1.338071333
1698	1.337391892
1699	1.336629354
1700	1.336107166
1701	1.335764674
1702	1.335482447
1703	1.335262922
1704	1.335614385
1705	1.335656178
1706	1.335009391
1707	1.335138428
1708	1.335277999
1709	1.335570975
1710	1.335291758
1711	1.335009708
1712	1.334538707
1713	1.33449697
1714	1.334623626
1715	1.335088432
1716	1.335946392
1717	1.335845197
1718	1.336397454
1719	1.336747386
1720	1.337410506
1721	1.338156495
1722	1.339095734
1723	1.339194771
1724	1.338852746
1725	1.337997521
1726	1.33696164
1727	1.337191298
1728	1.336981754
1729	1.336680373
1730	1.336843596
1731	1.337000438
1732	1.33681842
1733	1.337025956
1734	1.337295936
1735	1.338145935
1736	1.33884796
1737	1.339051404
1738	1.339349932
1739	1.339465563
1740	1.338770941
1741	1.338391112
1742	1.338105296
1743	1.337787384
1744	1.337384192
1745	1.337159648
1746	1.337281565
1747	1.337274476
1748	1.337230522
1749	1.336693444
1750	1.337347479
1751	1.337713241
1752	1.337634261
1753	1.337428824
1754	1.337647187
1755	1.337564302
1756	1.337571213
1757	1.337581105
1758	1.337426341
1759	1.338216492
1760	1.338403938
1761	1.338588639
1762	1.338937514
1763	1.339247977
1764	1.338934773
1765	1.338471281
1766	1.338263588
1767	1.33749374
1768	1.336846914
1769	1.335924897
1770	1.334950665
1771	1.334380381
1772	1.334406957
1773	1.334462614
1774	1.334700033
1775	1.334649402
1776	1.334466279
1777	1.334707808
1778	1.335006669
1779	1.335163804
1780	1.335130428
1781	1.33519133
1782	1.335116231
1783	1.33476508
1784	1.334649984
1785	1.335025061
1786	1.335438825
1787	1.335573344
1788	1.335777666
1789	1.33600815
1790	1.336700932
1791	1.336475467
1792	1.335893187
1793	1.335746584
1794	1.335652166
1795	1.33509731
1796	1.334430604
1797	1.334212125
1798	1.334199526
1799	1.333892512
1800	1.333928745
1801	1.334287589
1802	1.334556625
1803	1.334601729
1804	1.334097024
1805	1.33395252
1806	1.333913019
1807	1.333779764
1808	1.333324727
1809	1.33353038
1810	1.333124114
1811	1.332569879
1812	1.332480606
1813	1.332625252
1814	1.33348596
1815	1.33382716
1816	1.333637938
1817	1.333683999
1818	1.333463544
1819	1.333191948
1820	1.332733604
1821	1.332930408
1822	1.332838964
1823	1.332737351
1824	1.332393185
1825	1.332481655
1826	1.332596577
1827	1.332608884
1828	1.33325202
1829	1.333466036
1830	1.33417506
1831	1.334362872
1832	1.334801898
1833	1.334816525
1834	1.334597959
1835	1.334618549
1836	1.335111516
1837	1.334800373
1838	1.334655629
1839	1.334270744
1840	1.333792262
1841	1.333423559
1842	1.33294268
1843	1.332639426
1844	1.33311378
1845	1.332930824
1846	1.332724601
1847	1.33334597
1848	1.333086521
1849	1.333023385
1850	1.332736338
1851	1.332176416
1852	1.332255637
1853	1.332341507
1854	1.332261736
1855	1.332475817
1856	1.331992455
1857	1.331201497
1858	1.331101285
1859	1.331127469
1860	1.331525595
1861	1.33234376
1862	1.332255404
1863	1.33225233
1864	1.332139073
1865	1.331705409
1866	1.331595577
1867	1.331253534
1868	1.330826832
1869	1.330561976
1870	1.330597735
1871	1.330386357
1872	1.330245488
1873	1.330300922
1874	1.330297459
1875	1.330575158
1876	1.330994057
1877	1.331310734
1878	1.331510215
1879	1.332137009
1880	1.331882861
1881	1.331242806
1882	1.331124962
1883	1.330613733
1884	1.330528002
1885	1.330134592
1886	1.330074498
1887	1.330599405
1888	1.330834088
1889	1.330527427
1890	1.330861812
1891	1.331041754
1892	1.33125927
1893	1.331331574
1894	1.331164514
1895	1.331697983
1896	1.332026781
1897	1.332096219
1898	1.332287454
1899	1.332269347
1900	1.331969618
1901	1.332312648
1902	1.332215105
1903	1.332555884
1904	1.332789084
1905	1.331963617
1906	1.331568968
1907	1.331302743
1908	1.331154525
1909	1.331443037
1910	1.331676545
1911	1.331068779
1912	1.331087635
1913	1.330899858
1914	1.331054752
1915	1.332025687
1916	1.332437566
1917	1.332862466
1918	1.33302164
1919	1.332686708
1920	1.332409351
1921	1.333068343
1922	1.33332135
1923	1.333263329
1924	1.333124386
1925	1.33282213
1926	1.333000204
1927	1.333039774
1928	1.332977829
1929	1.333464274
1930	1.333652168
1931	1.333374215
1932	1.33314115
1933	1.333339643
1934	1.333182128
1935	1.333119644
1936	1.332661744
1937	1.332479633
1938	1.332515497
1939	1.332321251
1940	1.332564573
1941	1.332723631
1942	1.332964305
1943	1.333259652
1944	1.333952134
1945	1.334444445
1946	1.335182946
1947	1.335102711
1948	1.335057467
1949	1.335379903
1950	1.335118041
1951	1.335305993
1952	1.335403845
1953	1.33553002
1954	1.335646607
1955	1.335139943
1956	1.334683035
1957	1.334766937
1958	1.334795843
1959	1.334787109
1960	1.334869662
1961	1.334971484
1962	1.334724439
1963	1.334361346
1964	1.333813415
1965	1.333830886
1966	1.33341372
1967	1.333004504
1968	1.333462396
1969	1.333441751
1970	1.333404196
1971	1.333375257
1972	1.333563877
1973	1.333548877
1974	1.333711669
1975	1.333604567
1976	1.334438165
1977	1.334992909
1978	1.333960923
1979	1.333121466
1980	1.333016544
1981	1.332804661
1982	1.33257813
1983	1.332678645
1984	1.332681631
1985	1.333222441
1986	1.332735024
1987	1.33201913
1988	1.332243357
1989	1.332954304
1990	1.333626703
1991	1.333541349
1992	1.333682372
1993	1.333907067
1994	1.333752091
1995	1.332973289
1996	1.332325851
1997	1.332019975
1998	1.33233279
1999	1.332269803
2000	1.331634984
2001	1.331787898
2002	1.331969779
2003	1.33156662
2004	1.331052942
2005	1.330330372
2006	1.330016593
2007	1.329794039
2008	1.32894764
2009	1.328427247
2010	1.328008992
2011	1.327663714
2012	1.326817288
2013	1.326722316
2014	1.326768356
2015	1.327233141
2016	1.32789028
2017	1.328174781
2018	1.328649589
2019	1.327954759
2020	1.327778291
2021	1.327367802
2022	1.327404522
2023	1.326859881
2024	1.326678424
2025	1.326868228
2026	1.326622022
2027	1.326777999
2028	1.327090505
2029	1.327872495
2030	1.328066292
2031	1.327824903
2032	1.328106186
2033	1.32830581
2034	1.327558765
2035	1.326777191
2036	1.326332055
2037	1.326146712
2038	1.325903383
2039	1.325850097
2040	1.325993442
2041	1.326746096
2042	1.32657128
2043	1.326291454
2044	1.326281022
2045	1.326030081
2046	1.32548064
2047	1.32525853
2048	1.324622529
2049	1.323994875
2050	1.323672381
2051	1.322785011
2052	1.322705509
2053	1.323232446
2054	1.323655103
2055	1.324052848
2056	1.324696595
2057	1.324586649
2058	1.324638918
2059	1.32413136
2060	1.323603346
2061	1.323557344
2062	1.322825035
2063	1.321879632
2064	1.321525354
2065	1.321767364
2066	1.321456147
2067	1.321700339
2068	1.321561822
2069	1.321942117
2070	1.321739342
2071	1.321483256
2072	1.321140399
2073	1.320923841
2074	1.320214323
2075	1.318830512
2076	1.318263355
2077	1.317523751
2078	1.317167819
2079	1.317474
2080	1.317636241
2081	1.317882688
2082	1.318467342
2083	1.318515129
2084	1.319130047
2085	1.320069086
2086	1.320464659
2087	1.320159976
2088	1.320045404
2089	1.319381161
2090	1.319486387
2091	1.319425041
2092	1.319222573
2093	1.319616667
2094	1.319780117
2095	1.320428728
2096	1.320480306
2097	1.321158188
2098	1.321953826
2099	1.322646866
2100	1.322934823
2101	1.322933629
2102	1.32341169
2103	1.324125757
2104	1.324091757
2105	1.323641137
2106	1.324071915
2107	1.324617247
2108	1.324847959
2109	1.32471162
2110	1.32467753
2111	1.325082209
2112	1.324992959
2113	1.324106922
2114	1.323855002
2115	1.32380636
2116	1.323624461
2117	1.323241256
2118	1.322886217
2119	1.322539671
2120	1.322881158
2121	1.323083614
2122	1.322808172
2123	1.322857292
2124	1.322991814
2125	1.323340679
2126	1.323313044
2127	1.323789836
2128	1.323756879
2129	1.32411179
2130	1.323694776
2131	1.323267882
2132	1.323428842
2133	1.323434339
2134	1.323119889
2135	1.322669513
2136	1.322745263
2137	1.32210994
2138	1.321956086
2139	1.321724452
2140	1.322179515
2141	1.322593513
2142	1.322700692
2143	1.322837813
2144	1.323775604
2145	1.324053727
2146	1.324303803
2147	1.324376549
2148	1.324653534
2149	1.325218399
2150	1.325003498
2151	1.324895986
2152	1.324919589
2153	1.324906809
2154	1.324637792
2155	1.324314663
2156	1.323799182
2157	1.324350482
2158	1.32453377
2159	1.324609924
2160	1.324397939
2161	1.324203688
2162	1.324211542
2163	1.324372011
2164	1.32441847
2165	1.325064545
2166	1.325559436
2167	1.325372476
2168	1.325499944
2169	1.325624152
2170	1.326417012
2171	1.327099008
2172	1.327484989
2173	1.328104434
2174	1.328347093
2175	1.328426655
2176	1.328713649
2177	1.329131424
2178	1.32951946
2179	1.329052992
2180	1.328380171
2181	1.328170372
2182	1.327958345
2183	1.327816601
2184	1.327916396
2185	1.328463399
2186	1.328637723
2187	1.328604561
2188	1.328147323
2189	1.32871125
2190	1.329540463
2191	1.330008937
2192	1.330519657
2193	1.330754516
2194	1.331126847
2195	1.330392985
2196	1.329978141
2197	1.329852249
2198	1.329962793
2199	1.329730563
2200	1.329215608
2201	1.328923912
2202	1.328587679
2203	1.328468572
2204	1.328148465
2205	1.328536331
2206	1.328744949
2207	1.328942244
2208	1.329224722
2209	1.329192531
2210	1.329267346
2211	1.329256998
2212	1.329052008
2213	1.329190655
2214	1.329498338
2215	1.329304369
2216	1.329260181
2217	1.329187072
2218	1.329222482
2219	1.3293828
2220	1.329332418
2221	1.329215789
2222	1.329316683
2223	1.328912812
2224	1.328929005
2225	1.328940685
2226	1.328869385
2227	1.328957511
2228	1.328932919
2229	1.329080709
2230	1.329354539
2231	1.330330879
2232	1.330635981
2233	1.330938507
2234	1.330846121
2235	1.330505516
2236	1.330488475
2237	1.330300279
2238	1.330380254
2239	1.330180988
2240	1.330129929
2241	1.329561048
2242	1.329927692
2243	1.329867553
2244	1.329649704
2245	1.330118971
2246	1.330348534
2247	1.330698878
2248	1.33098141
2249	1.331271726
2250	1.331390124
2251	1.33136734
2252	1.331276853
2253	1.331471364
2254	1.332108466
2255	1.332349589
2256	1.332237123
2257	1.331917959
2258	1.331291848
2259	1.331414136
2260	1.331572719
2261	1.331536427
2262	1.330908514
2263	1.330456584
2264	1.329867558
2265	1.329304927
2266	1.329076609
2267	1.328833201
2268	1.328465433
2269	1.328033344
2270	1.327938731
2271	1.327786273
2272	1.328506953
2273	1.328746934
2274	1.3290197
2275	1.32927361
2276	1.329762045
2277	1.330048635
2278	1.330065411
2279	1.329646088
2280	1.329439739
2281	1.329034442
2282	1.328991972
2283	1.328781907
2284	1.328119538
2285	1.328175275
2286	1.327645743
2287	1.32709818
2288	1.327504927
2289	1.328039999
2290	1.32830981
2291	1.328777346
2292	1.328221514
2293	1.328316158
2294	1.328994157
2295	1.328757345
2296	1.328653884
2297	1.328960369
2298	1.328786544
2299	1.328515447
2300	1.328397238
2301	1.327988517
2302	1.328142499
2303	1.328216767
2304	1.327495656
2305	1.32734106
2306	1.327452961
2307	1.326975933
2308	1.326947386
2309	1.327366766
2310	1.327195525
2311	1.327481864
2312	1.327593372
2313	1.327475821
2314	1.328229182
2315	1.328681487
2316	1.329007176
2317	1.329742647
2318	1.329949712
2319	1.329499427
2320	1.329031712
2321	1.328417187
2322	1.327844222
2323	1.328095943
2324	1.327210567
2325	1.32684066
2326	1.326642016
2327	1.326245407
2328	1.326332167
2329	1.326408367
2330	1.326343909
2331	1.326966225
2332	1.327361512
2333	1.327171864
2334	1.327320094
2335	1.327157048
2336	1.327386099
2337	1.327707944
2338	1.327392068
2339	1.327603324
2340	1.328006879
2341	1.328018153
2342	1.328167454
2343	1.328402236
2344	1.329034695
2345	1.329549562
2346	1.329769
2347	1.329240074
2348	1.328981293
2349	1.328623533
2350	1.328422758
2351	1.328072072
2352	1.328135243
2353	1.328392365
2354	1.328795135
2355	1.32920969
2356	1.329326245
2357	1.330034301
2358	1.330477978
2359	1.330833985
2360	1.331228528
2361	1.331575851
2362	1.331172005
2363	1.330571046
2364	1.330534945
2365	1.330687624
2366	1.330616253
2367	1.330530638
2368	1.330632665
2369	1.330490144
2370	1.331027689
2371	1.331483557
2372	1.33223134
2373	1.333229992
2374	1.333339005
2375	1.333497539
2376	1.333716912
2377	1.333986769
2378	1.334862392
2379	1.335522762
2380	1.335420641
2381	1.335535914
2382	1.33573608
2383	1.33629169
2384	1.336607408
2385	1.336611894
2386	1.337203114
2387	1.337153217
2388	1.336811569
2389	1.336631169
2390	1.336916375
2391	1.337669375
2392	1.338291516
2393	1.338119346
2394	1.338320059
2395	1.338249325
2396	1.337683851
2397	1.337880252
2398	1.338013945
2399	1.337957625
2400	1.337726838
2401	1.337500144
2402	1.33698992
2403	1.336483302
2404	1.336053715
2405	1.336072403
2406	1.33650606
2407	1.336942251
2408	1.336823577
2409	1.337053991
2410	1.337185392
2411	1.336779189
2412	1.336431277
2413	1.336579426
2414	1.336634841
2415	1.336628472
2416	1.336605625
2417	1.336566755
2418	1.336744505
2419	1.336995062
2420	1.33735775
2421	1.337502169
2422	1.33741388
2423	1.337440021
2424	1.337291166
2425	1.337183519
2426	1.336862926
2427	1.336485322
2428	1.336400317
2429	1.335898274
2430	1.335274103
2431	1.335180002
2432	1.335492757
2433	1.335728056
2434	1.336214599
2435	1.336569471
2436	1.337098963
2437	1.337607847
2438	1.337575478
2439	1.337059029
2440	1.336878005
2441	1.336430468
2442	1.336122159
2443	1.336355448
2444	1.33683859
2445	1.337642333
2446	1.339555786
2447	1.341905843
2448	1.345416866
2449	1.351114447
2450	1.356824805
2451	1.363665005
2452	1.371726582
2453	1.379023753
2454	1.386710739
2455	1.394931356
2456	1.401452468
2457	1.407189473
2458	1.412616626
2459	1.416816575
2460	1.421471095
2461	1.42567285
2462	1.429013369
2463	1.432230852
2464	1.435378598
2465	1.438624552
2466	1.441563919
2467	1.445613186
2468	1.448696681
2469	1.452754606
2470	1.456565466
2471	1.462729873
2472	1.465253558
2473	1.472510003
2474	1.478873501
2475	1.481708221
2476	1.486553258
2477	1.49443769
2478	1.50404885
2479	1.507714637
2480	1.514170751
2481	1.523304116
2482	1.530383261
2483	1.53959125
2484	1.550012749
2485	1.551384991
2486	1.561582955
2487	1.579762191
2488	1.575352768
2489	1.591720477
2490	1.60973166
2491	1.616321477
2492	1.631410388
2493	1.645742865
2494	1.645935541
2495	1.66359958
2496	1.678032378
2497	1.663078914
2498	1.682424981
2499	1.692262081
2500	1.692453663
2501	1.686768715
2502	1.697941698
2503	1.695631285
2504	1.7117888
2505	1.715796581
2506	1.717837506
2507	1.736050833
2508	1.744831118
2509	1.739074848
2510	1.735314332
2511	1.742940572
2512	1.731489984
2513	1.70966138
2514	1.682321916
2515	1.657172625
2516	1.627176254
2517	1.606641193
2518	1.574529768
2519	1.548496817
2520	1.532216651
2521	1.515969297
2522	1.493807381
2523	1.497423237
2524	1.500546631
2525	1.499129615
2526	1.510644524
2527	1.501723075
2528	1.50768954
2529	1.51013796
2530	1.517572165
2531	1.514654462
2532	1.516950561
2533	1.519319608
2534	1.521339502
2535	1.52718888
2536	1.526142266
2537	1.539445843
2538	1.539443518
2539	1.547326447
2540	1.546215313
2541	1.559520535
2542	1.561843134
2543	1.560325501
2544	1.560040097
2545	1.56426561
2546	1.567011716
2547	1.564986779
2548	1.5680244
2549	1.570953161
2550	1.571792134
2551	1.568792574
2552	1.578091607
2553	1.576172134
2554	1.576963144
2555	1.583620092
2556	1.581964494
2557	1.580811997
2558	1.587155087
2559	1.593256528
2560	1.594438103
2561	1.597067633
2562	1.604161889
2563	1.609772305
2564	1.620212989
2565	1.617119329
2566	1.619519534
2567	1.629777346
2568	1.631820859
2569	1.631986699
2570	1.636105108
2571	1.633813148
2572	1.635572521
2573	1.640116183
2574	1.638957895
2575	1.649485782
2576	1.64801711
2577	1.649578641
2578	1.656635293
2579	1.66140773
2580	1.661320837
2581	1.665967767
2582	1.664937047
2583	1.672602342
2584	1.676567752
2585	1.675531596
2586	1.68974965
2587	1.690895885
2588	1.693518837
2589	1.694609179
2590	1.69740394
2591	1.707634458
2592	1.709388777
2593	1.711832245
2594	1.712654336
2595	1.716270974
2596	1.709426551
2597	1.716670324
2598	1.706540656
2599	1.712632141
2600	1.716033734
2601	1.716427139
2602	1.717770861
2603	1.716834398
2604	1.717359578
2605	1.713353976
2606	1.716987329
2607	1.718765571
2608	1.725430706
2609	1.721949892
2610	1.721226261
2611	1.714884274
2612	1.719209411
2613	1.718438847
2614	1.714961933
2615	1.722255823
2616	1.721601562
2617	1.721749019
2618	1.716407571
2619	1.717565115
2620	1.71745596
2621	1.721453651
2622	1.71446737
2623	1.717333888
2624	1.721019152
2625	1.717653334
2626	1.717824275
2627	1.7194166
2628	1.722237854
2629	1.720516092
2630	1.715684322
2631	1.720595896
2632	1.716884394
2633	1.709453661
2634	1.711229839
2635	1.707437799
2636	1.707831204
2637	1.699380361
2638	1.703199083
2639	1.688977664
2640	1.694556466
2641	1.692222839
2642	1.697221962
2643	1.697106692
2644	1.698813833
2645	1.702730993
2646	1.702338098
2647	1.699778829
2648	1.699747201
2649	1.707762325
2650	1.706335808
2651	1.703619746
2652	1.700858673
2653	1.699315636
2654	1.690002902
2655	1.682542409
2656	1.677224366
2657	1.673566216
2658	1.667605811
2659	1.663395844
2660	1.65814759
2661	1.649855377
2662	1.647350041
2663	1.644387515
2664	1.641355789
2665	1.639618497
2666	1.638889823
2667	1.633659396
2668	1.626478245
2669	1.625858317
2670	1.624558377
2671	1.623197307
2672	1.614150567
2673	1.614208158
2674	1.616909088
2675	1.613156427
2676	1.608988421
2677	1.614495614
2678	1.615244461
2679	1.610817562
2680	1.605964225
2681	1.60422378
2682	1.608123602
2683	1.602573195
2684	1.595994247
2685	1.597189193
2686	1.601247358
2687	1.595924328
2688	1.594028107
2689	1.597486662
2690	1.598092819
2691	1.59387085
2692	1.594844815
2693	1.599178655
2694	1.597064941
2695	1.596362862
2696	1.59288482
2697	1.596173119
2698	1.598327055
2699	1.599921525
2700	1.604591965
2701	1.612186149
2702	1.610940074
2703	1.609448262
2704	1.6151412
2705	1.61663607
2706	1.618298729
2707	1.617853972
2708	1.623183082
2709	1.624478245
2710	1.62524832
2711	1.626167677
2712	1.631136601
2713	1.636472489
2714	1.639766019
2715	1.645129359
2716	1.648909895
2717	1.653503481
2718	1.654396368
2719	1.656259204
2720	1.661853887
2721	1.664858709
2722	1.666644284
2723	1.669018498
2724	1.673892052
2725	1.677442605
2726	1.677392768
2727	1.677580445
2728	1.680790147
2729	1.683355399
2730	1.685924287
2731	1.689691384
2732	1.689045503
2733	1.692080089
2734	1.688909436
2735	1.686896367
2736	1.693022388
2737	1.696638828
2738	1.696359328
2739	1.703901752
2740	1.705000458
2741	1.706513856
2742	1.710938836
2743	1.711663973
2744	1.713925298
2745	1.716978258
2746	1.718764536
2747	1.717552552
2748	1.719755276
2749	1.717177274
2750	1.716802865
2751	1.717721499
2752	1.718386543
2753	1.718081667
2754	1.720737154
2755	1.720894031
2756	1.719714702
2757	1.722642083
2758	1.725187509
2759	1.724339849
2760	1.724963333
2761	1.724083679
2762	1.724683737
2763	1.726464167
2764	1.723351261
2765	1.722838291
2766	1.722900408
2767	1.721779242
2768	1.717146942
2769	1.718688596
2770	1.717073269
2771	1.714887946
2772	1.713213395
2773	1.71003423
2774	1.710583571
2775	1.708641015
2776	1.705609401
2777	1.702976249
2778	1.702542325
2779	1.700349849
2780	1.69632275
2781	1.695127564
2782	1.694900484
2783	1.693490231
2784	1.690621585
2785	1.689804751
2786	1.688207661
2787	1.685557469
2788	1.6829378
2789	1.680397238
2790	1.677927454
2791	1.672902247
2792	1.666999409
2793	1.664407118
2794	1.663304074
2795	1.661945555
2796	1.659947132
2797	1.658050499
2798	1.656342043
2799	1.653863144
2800	1.652536739
2801	1.653194399
2802	1.653764288
2803	1.653641944
2804	1.650044318
2805	1.646645517
2806	1.645748646
2807	1.644365478
2808	1.646035576
2809	1.64424826
2810	1.643078053
2811	1.640811309
2812	1.639091064
2813	1.636124806
2814	1.637210564
2815	1.635947258
2816	1.63213035
2817	1.632321589
2818	1.627381681
2819	1.623595477
2820	1.623828291
2821	1.622993699
2822	1.622647126
2823	1.621899061
2824	1.621107363
2825	1.619886011
2826	1.620021658
2827	1.619610308
2828	1.619055826
2829	1.620639476
2830	1.619155997
2831	1.619040573
2832	1.617808044
2833	1.619140585
2834	1.617765732
2835	1.617418188
2836	1.617909566
2837	1.618808853
2838	1.620147728
2839	1.621636846
2840	1.622820843
2841	1.62326811
2842	1.623958603
2843	1.623814355
2844	1.625654004
2845	1.628314688
2846	1.631145625
2847	1.628984249
2848	1.631509474
2849	1.631014129
2850	1.633531055
2851	1.634393855
2852	1.635365218
2853	1.637503736
2854	1.636023498
2855	1.637992887
2856	1.637445833
2857	1.641572963
2858	1.644227646
2859	1.644168084
2860	1.644866027
2861	1.646992954
2862	1.650848612
2863	1.650860742
2864	1.655758157
2865	1.657028372
2866	1.659618364
2867	1.660673406
2868	1.659935874
2869	1.663279499
2870	1.665791707
2871	1.667880943
2872	1.669570332
2873	1.672272718
2874	1.673761433
2875	1.674423508
2876	1.675670395
2877	1.678151123
2878	1.680683466
2879	1.682117701
2880	1.682924876
2881	1.684430585
2882	1.686302315
2883	1.686121507
2884	1.686728388
2885	1.688443958
2886	1.690372601
2887	1.688765377
2888	1.688608844
2889	1.690163846
2890	1.69070529
2891	1.689902322
2892	1.688740406
2893	1.692146583
2894	1.6937832
2895	1.692795676
2896	1.691955685
2897	1.694279162
2898	1.694541249
2899	1.69400809
2900	1.693407743
2901	1.695673573
2902	1.697016893
2903	1.694748119
2904	1.69334871
2905	1.695360532
2906	1.695195184
2907	1.691889271
2908	1.691932618
2909	1.692939365
2910	1.692573131
2911	1.69056028
2912	1.687997751
2913	1.688170324
2914	1.687307422
2915	1.686274589
2916	1.685353475
2917	1.687989965
2918	1.6871342
2919	1.684133644
2920	1.684139604
2921	1.683524136
2922	1.681744821
2923	1.679495401
2924	1.680139989
2925	1.679053237
2926	1.67836704
2927	1.675668398
2928	1.672465081
2929	1.673440393
2930	1.670492348
2931	1.668029345
2932	1.668261449
2933	1.668853228
2934	1.665931694
2935	1.662586352
2936	1.662085742
2937	1.660400684
2938	1.661271451
2939	1.658557109
2940	1.657818092
2941	1.658095691
2942	1.656541141
2943	1.653681368
2944	1.652351342
2945	1.652326129
2946	1.649475772
2947	1.647689475
2948	1.646047111
2949	1.644878386
2950	1.643721891
2951	1.641175132
2952	1.639703325
2953	1.639371072
2954	1.637815469
2955	1.635839884
2956	1.635409308
2957	1.63514995
2958	1.633154161
2959	1.632648209
2960	1.6314757
2961	1.630937398
2962	1.6296565
2963	1.627679518
2964	1.627509512
2965	1.627740588
2966	1.626562994
2967	1.626123124
2968	1.626754004
2969	1.626276045
2970	1.625854764
2971	1.626424173
2972	1.626613646
2973	1.625848886
2974	1.625397825
2975	1.625346629
2976	1.624577931
2977	1.625387593
2978	1.62421363
2979	1.623306899
2980	1.623246839
2981	1.622706238
2982	1.622470451
2983	1.624042796
2984	1.624754005
2985	1.624619461
2986	1.626637517
2987	1.625963613
2988	1.626869062
2989	1.629263705
2990	1.630329056
2991	1.630635459
2992	1.631559779
2993	1.632289749
2994	1.632862281
2995	1.635204748
2996	1.635225112
2997	1.63602952
2998	1.637730036
2999	1.637457198
3000	1.637398553
3001	1.638800971
3002	1.63986883
3003	1.640380377
3004	1.642349733
3005	1.642280396
3006	1.643017519
3007	1.644467026
3008	1.644865019
3009	1.645388531
3010	1.647528112
3011	1.648920017
3012	1.650575801
3013	1.652587651
3014	1.652736349
3015	1.65357464
3016	1.654624875
3017	1.655587972
3018	1.657161409
3019	1.65920411
3020	1.66022047
3021	1.661159448
3022	1.662052804
3023	1.663082202
3024	1.663753236
3025	1.664238811
3026	1.666050373
3027	1.66718384
3028	1.667198565
3029	1.667204708
3030	1.668245244
3031	1.669490909
3032	1.670246976
3033	1.670321126
3034	1.670952493
3035	1.672231511
3036	1.673053211
3037	1.672871093
3038	1.673405295
3039	1.674786896
3040	1.67524014
3041	1.674846114
3042	1.674841271
3043	1.674687112
3044	1.67503552
3045	1.67556447
3046	1.675092976
3047	1.675507756
3048	1.675757175
3049	1.674832031
3050	1.673587825
3051	1.673429063
3052	1.673241154
3053	1.672896244
3054	1.672954598
3055	1.673057602
3056	1.673011833
3057	1.672362849
3058	1.67180488
3059	1.672507046
3060	1.672864382
3061	1.671385732
3062	1.670611393
3063	1.67082977
3064	1.670259653
3065	1.668527315
3066	1.66785896
3067	1.667791407
3068	1.667196452
3069	1.666082472
3070	1.665757767
3071	1.666069678
3072	1.665249263
3073	1.664212695
3074	1.663449039
3075	1.663500061
3076	1.66236753
3077	1.660722082
3078	1.660008762
3079	1.659847038
3080	1.6584394
3081	1.656515776
3082	1.656051373
3083	1.655496179
3084	1.654247168
3085	1.652139332
3086	1.651344853
3087	1.651433153
3088	1.650312227
3089	1.648288188
3090	1.647604647
3091	1.647839448
3092	1.646539834
3093	1.644965581
3094	1.644412793
3095	1.644529143
3096	1.643261234
3097	1.641717239
3098	1.641339358
3099	1.640328189
3100	1.639101938
3101	1.638230496
3102	1.637435396
3103	1.636766601
3104	1.635837035
3105	1.634606207
3106	1.633695569
3107	1.633245326
3108	1.632827492
3109	1.632530831
3110	1.632291208
3111	1.632295345
3112	1.632481924
3113	1.632261464
3114	1.632370619
3115	1.632844833
3116	1.633238282
3117	1.63320431
3118	1.63266184
3119	1.632728767
3120	1.632992497
3121	1.632358114
3122	1.631320082
3123	1.631168474
3124	1.631021722
3125	1.630876142
3126	1.630695472
3127	1.631095808
3128	1.631732815
3129	1.632167614
3130	1.631741846
3131	1.632130792
3132	1.633261466
3133	1.633916695
3134	1.633790239
3135	1.634124158
3136	1.635027126
3137	1.635129954
3138	1.63555818
3139	1.636434743
3140	1.637430994
3141	1.638120113
3142	1.638687153
3143	1.639416369
3144	1.640524101
3145	1.64107852
3146	1.641275349
3147	1.642412106
3148	1.642670663
3149	1.642216217
3150	1.6428106
3151	1.643665557
3152	1.644343586
3153	1.64455235
3154	1.645223682
3155	1.646070434
3156	1.647265196
3157	1.647666424
3158	1.648783883
3159	1.650481195
3160	1.651412664
3161	1.651707716
3162	1.652719408
3163	1.654153455
3164	1.654741904
3165	1.65488258
3166	1.655136991
3167	1.655884827
3168	1.65668614
3169	1.656740792
3170	1.657337935
3171	1.658319909
3172	1.658710782
3173	1.65840863
3174	1.659312318
3175	1.660335124
3176	1.661228451
3177	1.661591895
3178	1.66177126
3179	1.662763713
3180	1.663494828
3181	1.663492017
3182	1.663625826
3183	1.664634042
3184	1.66499892
3185	1.665152606
3186	1.665508676
3187	1.666074658
3188	1.666265355
3189	1.666074937
3190	1.665872128
3191	1.666499658
3192	1.666823386
3193	1.666294015
3194	1.665755513
3195	1.665870585
3196	1.665843778
3197	1.665545085
3198	1.665661907
3199	1.66564364
3200	1.665352437
3201	1.665050993
3202	1.664794721
3203	1.664957299
3204	1.664952636
3205	1.664600796
3206	1.663954149
3207	1.663561198
3208	1.662737634
3209	1.662420856
3210	1.662329218
3211	1.661921731
3212	1.660876648
3213	1.660235968
3214	1.659616947
3215	1.659118544
3216	1.658542316
3217	1.657650115
3218	1.657103425
3219	1.656490775
3220	1.655632004
3221	1.654957028
3222	1.654953265
3223	1.654574044
3224	1.654364993
3225	1.653777524
3226	1.652821694
3227	1.652480507
3228	1.652574006
3229	1.651970778
3230	1.650995913
3231	1.649972495
3232	1.648914383
3233	1.648133832
3234	1.647137004
3235	1.646406094
3236	1.646146176
3237	1.645876521
3238	1.644806179
3239	1.644003586
3240	1.643438938
3241	1.643308158
3242	1.643402904
3243	1.643136894
3244	1.642283572
3245	1.64146668
3246	1.640756454
3247	1.639933351
3248	1.639658619
3249	1.639364075
3250	1.639161575
3251	1.63871154
3252	1.637993082
3253	1.637330902
3254	1.637131616
3255	1.636977466
3256	1.636857975
3257	1.63679308
3258	1.636290376
3259	1.635770099
3260	1.635383957
3261	1.635146762
3262	1.635105588
3263	1.635124937
3264	1.635350642
3265	1.635357509
3266	1.635352682
3267	1.635361797
3268	1.635600826
3269	1.635909705
3270	1.63644924
3271	1.636503913
3272	1.636516614
3273	1.636806409
3274	1.636914847
3275	1.637077662
3276	1.637312333
3277	1.637383292
3278	1.637456877
3279	1.637539541
3280	1.637581041
3281	1.638085615
3282	1.638399979
3283	1.638656486
3284	1.639068781
3285	1.639526552
3286	1.639849693
3287	1.640373817
3288	1.641152102
3289	1.641820008
3290	1.64205927
3291	1.642141772
3292	1.642660673
3293	1.643168152
3294	1.643819695
3295	1.644292676
3296	1.644728751
3297	1.644995597
3298	1.644995317
3299	1.645364672
3300	1.646221545
3301	1.647018469
3302	1.647587008
3303	1.64801734
3304	1.648583059
3305	1.649409206
3306	1.650197259
3307	1.650833991
3308	1.651751003
3309	1.652494532
3310	1.652976541
3311	1.653376534
3312	1.653662017
3313	1.653841875
3314	1.653931755
3315	1.65414119
3316	1.654539811
3317	1.655061989
3318	1.655299273
3319	1.655444178
3320	1.655802689
3321	1.656256654
3322	1.656592435
3323	1.657090987
3324	1.657539164
3325	1.657838802
3326	1.657802839
3327	1.657719956
3328	1.657980402
3329	1.658286982
3330	1.65832635
3331	1.658285039
3332	1.658571229
3333	1.658664428
3334	1.658706509
3335	1.658831907
3336	1.659235317
3337	1.659458036
3338	1.659332153
3339	1.659209385
3340	1.659252926
3341	1.659281334
3342	1.659013906
3343	1.658800197
3344	1.658660412
3345	1.658518939
3346	1.658115734
3347	1.657901973
3348	1.657721182
3349	1.657438054
3350	1.656999629
3351	1.656575513
3352	1.656217206
3353	1.655967047
3354	1.655573186
3355	1.65508861
3356	1.654630911
3357	1.65412171
3358	1.653580795
3359	1.653182839
3360	1.652804439
3361	1.65241342
3362	1.651990122
3363	1.651650195
3364	1.65129048
3365	1.650972662
3366	1.650527728
3367	1.650026018
3368	1.649569266
3369	1.64911541
3370	1.648577537
3371	1.648112668
3372	1.647643163
3373	1.647087244
3374	1.646570513
3375	1.646069506
3376	1.645706899
3377	1.645392266
3378	1.645019365
3379	1.644613336
3380	1.644297751
3381	1.643900791
3382	1.643443347
3383	1.642993967
3384	1.642584313
3385	1.642112433
3386	1.641652174
3387	1.641232076
3388	1.640927524
3389	1.640629524
3390	1.640348366
3391	1.640049419
3392	1.639884882
3393	1.639623409
3394	1.639338822
3395	1.639072562
3396	1.638884297
3397	1.638597252
3398	1.638344047
3399	1.638053316
3400	1.637887576
3401	1.637668722
3402	1.637472752
3403	1.637335729
3404	1.637309441
3405	1.637219565
3406	1.637167345
3407	1.637111799
3408	1.637138676
3409	1.637125494
3410	1.637105298
3411	1.637128514
3412	1.637233487
3413	1.637277568
3414	1.63733534
3415	1.637430668
3416	1.637588706
3417	1.637705095
3418	1.637811067
3419	1.637963727
3420	1.638135662
3421	1.638293186
3422	1.638414618
3423	1.638595409
3424	1.638844109
3425	1.639076299
3426	1.63927378
3427	1.639597121
3428	1.639932492
3429	1.640291772
3430	1.640624123
3431	1.640999093
3432	1.641372041
3433	1.641746934
3434	1.642004516
3435	1.642358343
3436	1.642678536
3437	1.642994018
3438	1.643246225
3439	1.643577015
3440	1.64391039
3441	1.644298747
3442	1.644616587
3443	1.64504589
3444	1.645466241
3445	1.645892142
3446	1.646232514
3447	1.64663317
3448	1.647002739
3449	1.647363663
3450	1.647653156
3451	1.647994333
3452	1.648314323
3453	1.648642467
3454	1.648915258
3455	1.649252587
3456	1.649627322
3457	1.649972006
3458	1.650264633
3459	1.650638426
3460	1.650954306
3461	1.65125874
3462	1.651524539
3463	1.651776541
3464	1.652034124
3465	1.652251135
3466	1.652397345
3467	1.652597897
3468	1.652834515
3469	1.652977961
3470	1.653148795
3471	1.653326438
3472	1.653514934
3473	1.653642791
3474	1.65378191
3475	1.65387365
3476	1.653999638
3477	1.654057692
3478	1.654065678
3479	1.654077069
3480	1.654136838
3481	1.654089535
3482	1.654083955
3483	1.654104253
3484	1.654113545
3485	1.654087948
3486	1.654081421
3487	1.653998998
3488	1.653991652
3489	1.653881687
3490	1.653720503
3491	1.65356728
3492	1.653425268
3493	1.653172677
3494	1.652967568
3495	1.652761948
3496	1.652573145
3497	1.652365963
3498	1.652166025
3499	1.651965626
3500	1.651806746
3501	1.651584001
3502	1.651324473
3503	1.651067091
3504	1.650808324
3505	1.650459019
3506	1.650115912
3507	1.649809575
3508	1.649483251
3509	1.649164331
3510	1.648837439
3511	1.648548687
3512	1.648290453
3513	1.648005251
3514	1.647691048
3515	1.64743076
3516	1.647112692
3517	1.646762386
3518	1.646381663
3519	1.646025381
3520	1.645677176
3521	1.645305213
3522	1.644925002
3523	1.644634554
3524	1.644340726
3525	1.644059697
3526	1.643802089
3527	1.643571563
3528	1.643352069
3529	1.643114657
3530	1.642837237
3531	1.642603792
3532	1.642347541
3533	1.642067587
3534	1.64177271
3535	1.64152918
3536	1.641294994
3537	1.641058913
3538	1.640841646
3539	1.640677723
3540	1.640522887
3541	1.64038474
3542	1.640231619
3543	1.640091808
3544	1.639990393
3545	1.639847818
3546	1.639701019
3547	1.639618571
3548	1.639526217
3549	1.639442055
3550	1.639400331
3551	1.639375784
3552	1.639401842
3553	1.639421193
3554	1.639444537
3555	1.639480962
3556	1.63954713
3557	1.63956149
3558	1.639580227
3559	1.639610508
3560	1.639669714
3561	1.639685405
3562	1.639743689
3563	1.639841828
3564	1.63995896
3565	1.640115588
3566	1.64027347
3567	1.640461582
3568	1.640693951
3569	1.640888667
3570	1.641070508
3571	1.641306896
3572	1.641515844
3573	1.641698479
3574	1.641890174
3575	1.64210071
3576	1.642331645
3577	1.642571207
3578	1.642807237
3579	1.643093744
3580	1.643378945
3581	1.643666655
3582	1.643927949
3583	1.64423007
3584	1.644522081
3585	1.644756549
3586	1.644976376
3587	1.645241895
3588	1.645479077
3589	1.645728277
3590	1.64598034
3591	1.646261183
3592	1.646553815
3593	1.64685197
3594	1.647109239
3595	1.647429443
3596	1.647723668
3597	1.64799071
3598	1.648220105
3599	1.648476957
3600	1.648476957