#1
double rotation(3601,2)  # Flow variation
0	370.0017332
1	370.0017148
2	370.0017026
3	370.0016986
4	370.0016864
5	370.0016729
6	370.0016779
7	370.001674
8	370.0016613
9	370.0016543
10	370.0016386
11	370.0016303
12	370.0016321
13	370.0016339
14	370.0016403
15	370.0016366
16	370.0016257
17	370.0016251
18	370.0016401
19	370.001631
20	370.0016392
21	370.0016518
22	370.0016494
23	370.0016491
24	370.0016437
25	370.0016598
26	370.0016681
27	370.001669
28	370.0016614
29	370.0016673
30	370.0016572
31	370.0016574
32	370.001653
33	370.0016575
34	370.0016619
35	370.0016502
36	370.0016329
37	370.0016257
38	370.0016138
39	370.0015874
40	370.0015963
41	370.0015914
42	370.0016106
43	370.0015993
44	370.0015877
45	370.0015826
46	370.0015904
47	370.0016065
48	370.0015937
49	370.0016177
50	370.001626
51	370.0016327
52	370.0016447
53	370.0016591
54	370.0016809
55	370.0016987
56	370.0017
57	370.0016838
58	370.0017088
59	370.0017203
60	370.0017141
61	370.0017082
62	370.0016893
63	370.0016934
64	370.0016907
65	370.0016818
66	370.0016925
67	370.0016862
68	370.0016747
69	370.0016607
70	370.0016684
71	370.0016549
72	370.0016496
73	370.0016269
74	370.0016273
75	370.0016266
76	370.0016157
77	370.0016253
78	370.0016324
79	370.0016341
80	370.0016171
81	370.0016255
82	370.001635
83	370.0016536
84	370.0016533
85	370.0016646
86	370.0016653
87	370.0016671
88	370.0016739
89	370.001689
90	370.0017001
91	370.0017037
92	370.0016855
93	370.0016639
94	370.0016554
95	370.0016495
96	370.0016607
97	370.0016628
98	370.0016579
99	370.0016526
100	370.0016452
101	370.0016292
102	370.001636
103	370.0016573
104	370.0016656
105	370.0016569
106	370.0016548
107	370.001657
108	370.0016782
109	370.0016836
110	370.0017094
111	370.0017496
112	370.0017571
113	370.0017617
114	370.0017701
115	370.0017759
116	370.0017708
117	370.0017752
118	370.0017583
119	370.0017697
120	370.0017588
121	370.0017609
122	370.0017825
123	370.0017825
124	370.0017832
125	370.0017909
126	370.0018055
127	370.0018152
128	370.0018124
129	370.0018043
130	370.00181
131	370.0017824
132	370.001786
133	370.0017909
134	370.0017761
135	370.0017935
136	370.0017817
137	370.0017801
138	370.0017996
139	370.0018025
140	370.0017974
141	370.0018239
142	370.0017989
143	370.001795
144	370.0018164
145	370.0018058
146	370.0018043
147	370.0017945
148	370.001776
149	370.0017717
150	370.0017599
151	370.0017462
152	370.0017472
153	370.0017287
154	370.0017124
155	370.0017092
156	370.0016997
157	370.0017042
158	370.0017145
159	370.0017169
160	370.0017425
161	370.0017636
162	370.0017779
163	370.0017976
164	370.0018051
165	370.0018082
166	370.0018352
167	370.0018342
168	370.0018225
169	370.0017877
170	370.0017639
171	370.0017239
172	370.0017087
173	370.0017039
174	370.0016943
175	370.0016795
176	370.0016638
177	370.0016422
178	370.0016459
179	370.0016643
180	370.0016613
181	370.0016738
182	370.001678
183	370.0016702
184	370.0017004
185	370.0017029
186	370.0016899
187	370.0016801
188	370.0016674
189	370.0016686
190	370.0016703
191	370.0016731
192	370.0016699
193	370.0016663
194	370.0016293
195	370.0016109
196	370.0016219
197	370.001629
198	370.0016272
199	370.0016216
200	370.0016101
201	370.0015925
202	370.0015827
203	370.0015687
204	370.0015653
205	370.0015756
206	370.0015594
207	370.0015469
208	370.0015527
209	370.0015698
210	370.0015783
211	370.0015918
212	370.0016016
213	370.0016226
214	370.0016306
215	370.00164
216	370.0016543
217	370.0016723
218	370.0016831
219	370.0016783
220	370.0016816
221	370.001667
222	370.0016623
223	370.0016743
224	370.0016701
225	370.0016533
226	370.0016261
227	370.0016085
228	370.001594
229	370.0015805
230	370.001559
231	370.0015671
232	370.0015503
233	370.001519
234	370.0015076
235	370.0015206
236	370.0015541
237	370.0015649
238	370.0015798
239	370.0015812
240	370.0015896
241	370.0015787
242	370.0015963
243	370.0016043
244	370.0016204
245	370.0016021
246	370.0015867
247	370.0015898
248	370.0015703
249	370.0015777
250	370.0015749
251	370.00158
252	370.0015583
253	370.0015581
254	370.001537
255	370.0015386
256	370.0015528
257	370.0015444
258	370.0015549
259	370.0015462
260	370.001557
261	370.0015796
262	370.0015961
263	370.0015991
264	370.0016276
265	370.0016438
266	370.0016452
267	370.001667
268	370.0016747
269	370.001702
270	370.0017091
271	370.0016934
272	370.0016985
273	370.0017054
274	370.0016977
275	370.0017103
276	370.0017334
277	370.0017485
278	370.00176
279	370.0017425
280	370.0017373
281	370.0017344
282	370.0017429
283	370.001723
284	370.0017175
285	370.0016982
286	370.0016601
287	370.0016229
288	370.0016015
289	370.0015931
290	370.0015958
291	370.0015936
292	370.0015783
293	370.0015743
294	370.0015857
295	370.0015856
296	370.0015898
297	370.001615
298	370.0016176
299	370.0016365
300	370.0016479
301	370.0016485
302	370.0016503
303	370.0016742
304	370.001656
305	370.0016649
306	370.0016771
307	370.0016731
308	370.001672
309	370.0016579
310	370.0016413
311	370.0016314
312	370.0016318
313	370.0016278
314	370.0016393
315	370.0016488
316	370.0016409
317	370.0016362
318	370.0016325
319	370.0016343
320	370.0016281
321	370.0016391
322	370.0016548
323	370.001655
324	370.0016788
325	370.0016707
326	370.001657
327	370.0016682
328	370.0016896
329	370.0016976
330	370.0017127
331	370.0017309
332	370.0017252
333	370.0017265
334	370.0016889
335	370.0016824
336	370.0016961
337	370.0016838
338	370.0016456
339	370.0016247
340	370.0016211
341	370.0016028
342	370.0015783
343	370.00157
344	370.0015822
345	370.001579
346	370.0015643
347	370.0015534
348	370.0015662
349	370.0015567
350	370.0015469
351	370.0015549
352	370.0015652
353	370.0015619
354	370.0015529
355	370.0015365
356	370.0015398
357	370.0015498
358	370.0015633
359	370.0015871
360	370.0015958
361	370.0016002
362	370.0015937
363	370.00162
364	370.0016269
365	370.0016518
366	370.0016853
367	370.0016917
368	370.0017003
369	370.0017047
370	370.0017372
371	370.0017375
372	370.0017669
373	370.001791
374	370.0018228
375	370.0018361
376	370.0018216
377	370.0018467
378	370.0018547
379	370.0018664
380	370.0018332
381	370.0018412
382	370.0018375
383	370.0018156
384	370.0018177
385	370.0018218
386	370.0018392
387	370.0018317
388	370.0018286
389	370.0018436
390	370.0018708
391	370.0018846
392	370.0018996
393	370.0018974
394	370.0018838
395	370.0018663
396	370.0018441
397	370.0018332
398	370.001844
399	370.0018272
400	370.0018009
401	370.0017868
402	370.001766
403	370.0017781
404	370.0017779
405	370.0017801
406	370.0017917
407	370.0017884
408	370.0017765
409	370.0017759
410	370.0017651
411	370.0017597
412	370.0017706
413	370.0017608
414	370.0017521
415	370.0017506
416	370.0017541
417	370.0017622
418	370.0017555
419	370.0017394
420	370.0017487
421	370.0017476
422	370.0017315
423	370.0017278
424	370.0017249
425	370.0017358
426	370.0017253
427	370.0017233
428	370.0017335
429	370.0017379
430	370.0017643
431	370.0017772
432	370.0018076
433	370.0018076
434	370.0018106
435	370.0018011
436	370.0017926
437	370.0017787
438	370.0017602
439	370.0017601
440	370.001739
441	370.0017279
442	370.0016946
443	370.0017045
444	370.0017018
445	370.0016953
446	370.0016865
447	370.0016903
448	370.0016961
449	370.0017069
450	370.0016836
451	370.0016604
452	370.0016605
453	370.0016445
454	370.0016462
455	370.0016504
456	370.0016661
457	370.0016674
458	370.0016798
459	370.0016612
460	370.0016729
461	370.0016743
462	370.0016742
463	370.0016511
464	370.0016534
465	370.0016614
466	370.0016671
467	370.0016712
468	370.0016731
469	370.0016871
470	370.0016742
471	370.0016965
472	370.0016992
473	370.0017281
474	370.0017274
475	370.0017138
476	370.0017103
477	370.0017022
478	370.0016871
479	370.0016897
480	370.0017214
481	370.0017304
482	370.0017429
483	370.0017388
484	370.0017387
485	370.0017518
486	370.0017589
487	370.0017604
488	370.0017637
489	370.0017529
490	370.0017108
491	370.0017098
492	370.0017072
493	370.0017024
494	370.0017019
495	370.0016864
496	370.0016802
497	370.0016979
498	370.0016943
499	370.001689
500	370.0017145
501	370.0016986
502	370.0016979
503	370.0017198
504	370.0017379
505	370.0017483
506	370.0017371
507	370.0017095
508	370.001711
509	370.001724
510	370.001712
511	370.001708
512	370.0016799
513	370.0016446
514	370.0016054
515	370.0015896
516	370.0015885
517	370.0015862
518	370.0015726
519	370.0015572
520	370.0015602
521	370.0015557
522	370.0015542
523	370.0015752
524	370.0015781
525	370.0015819
526	370.0015773
527	370.0015865
528	370.0016069
529	370.001609
530	370.0016163
531	370.0016328
532	370.0016342
533	370.0016327
534	370.0016582
535	370.00167
536	370.0016702
537	370.0016842
538	370.001696
539	370.0016833
540	370.0016979
541	370.0016929
542	370.001715
543	370.0017075
544	370.0017062
545	370.0017017
546	370.0016918
547	370.0016732
548	370.0016292
549	370.0016308
550	370.0015929
551	370.0015747
552	370.001582
553	370.001579
554	370.0015499
555	370.0015422
556	370.0015485
557	370.0015637
558	370.0015803
559	370.00159
560	370.001613
561	370.0016229
562	370.001589
563	370.0015734
564	370.0015917
565	370.0016037
566	370.0016128
567	370.0015894
568	370.0015885
569	370.0015893
570	370.0015714
571	370.0015705
572	370.0015928
573	370.0015879
574	370.0015616
575	370.0015324
576	370.001494
577	370.0014803
578	370.0014674
579	370.0014489
580	370.0014593
581	370.0014471
582	370.0014231
583	370.0014316
584	370.0014416
585	370.0014406
586	370.0014466
587	370.0014567
588	370.001457
589	370.0014605
590	370.0014661
591	370.0014939
592	370.0014932
593	370.0015075
594	370.0015157
595	370.001538
596	370.0015665
597	370.0015633
598	370.001573
599	370.0015933
600	370.0015796
601	370.0015508
602	370.0015764
603	370.0015802
604	370.0015726
605	370.0015604
606	370.0015485
607	370.0015416
608	370.0015415
609	370.001528
610	370.001536
611	370.0015564
612	370.0015639
613	370.0015504
614	370.0015642
615	370.0015672
616	370.0015539
617	370.0015674
618	370.0015468
619	370.0015222
620	370.0015124
621	370.0015058
622	370.001483
623	370.0015057
624	370.001523
625	370.0015447
626	370.0015786
627	370.0015858
628	370.0016319
629	370.0016584
630	370.0016744
631	370.0016716
632	370.0016768
633	370.0016528
634	370.0016025
635	370.001594
636	370.0015903
637	370.0015993
638	370.0015754
639	370.0015757
640	370.0015575
641	370.0015687
642	370.0015717
643	370.0015619
644	370.0015915
645	370.0015773
646	370.0015464
647	370.0015446
648	370.001539
649	370.0015509
650	370.001577
651	370.0015554
652	370.001541
653	370.0015458
654	370.0015356
655	370.001548
656	370.0015771
657	370.0015697
658	370.0015815
659	370.0015991
660	370.0016011
661	370.0016193
662	370.0016236
663	370.0016571
664	370.0016692
665	370.0016662
666	370.0016602
667	370.0016542
668	370.001655
669	370.0016318
670	370.0016478
671	370.0016497
672	370.0016729
673	370.0016425
674	370.0016318
675	370.0016317
676	370.0016403
677	370.0016594
678	370.0016578
679	370.0016452
680	370.0015949
681	370.0015973
682	370.0015898
683	370.0015886
684	370.0015665
685	370.0015272
686	370.0014901
687	370.0014703
688	370.001448
689	370.0014532
690	370.0014672
691	370.0014514
692	370.0014228
693	370.0014273
694	370.0014724
695	370.0015304
696	370.0015624
697	370.0015848
698	370.0016064
699	370.0016061
700	370.0016349
701	370.0016443
702	370.001679
703	370.0017051
704	370.0017037
705	370.0016849
706	370.0016783
707	370.001664
708	370.0016464
709	370.0016393
710	370.0016231
711	370.0016246
712	370.0016038
713	370.0015733
714	370.0015328
715	370.0015024
716	370.0014758
717	370.001453
718	370.0014515
719	370.0014407
720	370.0014387
721	370.0014342
722	370.0014176
723	370.0014267
724	370.0014359
725	370.0014445
726	370.001456
727	370.0014676
728	370.0014695
729	370.0014881
730	370.0014827
731	370.0014632
732	370.0014773
733	370.0014632
734	370.0014773
735	370.0014861
736	370.0014948
737	370.0014967
738	370.0014916
739	370.0014799
740	370.0014607
741	370.0014582
742	370.0014439
743	370.0014526
744	370.0014339
745	370.0014294
746	370.0014472
747	370.0014411
748	370.0014472
749	370.0014426
750	370.001446
751	370.0014482
752	370.0014654
753	370.0014519
754	370.0014574
755	370.0014602
756	370.0014401
757	370.0014554
758	370.0014575
759	370.0014641
760	370.0014768
761	370.0014878
762	370.0014887
763	370.0015229
764	370.0015369
765	370.0015658
766	370.0015667
767	370.0015672
768	370.001563
769	370.0015655
770	370.0015728
771	370.0015841
772	370.0015773
773	370.0015407
774	370.001518
775	370.0014919
776	370.0014954
777	370.0014849
778	370.0014877
779	370.0014776
780	370.001472
781	370.0014516
782	370.0014466
783	370.0014785
784	370.0014956
785	370.0014926
786	370.0014843
787	370.0014798
788	370.001472
789	370.001486
790	370.001466
791	370.0014637
792	370.0014796
793	370.0014548
794	370.0014393
795	370.001427
796	370.0014187
797	370.0014202
798	370.0014322
799	370.0014048
800	370.0014241
801	370.001431
802	370.0014172
803	370.0014449
804	370.0014608
805	370.0014773
806	370.0018266
807	370.2102743
808	370.7865257
809	371.7036685
810	372.7025023
811	373.701311
812	374.7001575
813	375.6989638
814	376.697757
815	377.6965899
816	378.6951538
817	379.4874209
818	379.9118018
819	379.9946676
820	379.9946138
821	379.9945777
822	379.994486
823	379.994436
824	379.9944077
825	379.994336
826	379.994311
827	379.986824
828	379.9264195
829	379.8068983
830	379.6272726
831	379.3873437
832	379.0872756
833	378.7318179
834	378.3327002
835	377.9037764
836	377.4543818
837	377.0022768
838	376.5947337
839	376.2398556
840	375.9408661
841	375.6910046
842	375.4920028
843	375.3527317
844	375.2596935
845	375.199651
846	375.1626571
847	375.1365818
848	375.1217842
849	375.1164221
850	375.1168813
851	375.1291782
852	375.1508804
853	375.1691858
854	375.1850477
855	375.2000047
856	375.2148635
857	375.2314301
858	375.2460183
859	375.2614879
860	375.2769708
861	375.293459
862	375.3130906
863	375.334639
864	375.3602792
865	375.3865183
866	375.4107976
867	375.4356988
868	375.4602238
869	375.4796968
870	375.4968953
871	375.5119817
872	375.5225409
873	375.5289566
874	375.5305899
875	375.5293246
876	375.5277164
877	375.5208582
878	375.5110317
879	375.4994553
880	375.4865998
881	375.4722361
882	375.459319
883	375.445724
884	375.4292614
885	375.4113233
886	375.3904434
887	375.3689906
888	375.3463231
889	375.3238429
890	375.3040237
891	375.285833
892	375.2679619
893	375.252608
894	375.2413175
895	375.2332104
896	375.2297875
897	375.230158
898	375.2362238
899	375.2463456
900	375.2589366
901	375.2721089
902	375.2867342
903	375.3018259
904	375.3182053
905	375.3353654
906	375.3514497
907	375.3680953
908	375.3832915
909	375.3969731
910	375.4074346
911	375.4181955
912	375.4257623
913	375.4314579
914	375.4344306
915	375.4339063
916	375.4317129
917	375.4304841
918	375.4296296
919	375.4288725
920	375.4263937
921	375.4228442
922	375.4209037
923	375.4212179
924	375.4223783
925	375.4224366
926	375.4239634
927	375.4227359
928	375.418882
929	375.4142742
930	375.4125576
931	375.4116425
932	375.4112265
933	375.4101818
934	375.4090103
935	375.4120012
936	375.41613
937	375.4232479
938	375.4329493
939	375.4465485
940	375.4614552
941	375.4776302
942	375.4944935
943	375.512431
944	375.5342302
945	375.5562273
946	375.5789514
947	375.599913
948	375.6206785
949	375.6345908
950	375.6424893
951	375.645102
952	375.6467935
953	375.6460537
954	375.6421535
955	375.6355839
956	375.6252615
957	375.6101947
958	375.5904694
959	375.5710037
960	375.5528827
961	375.5362278
962	375.5162351
963	375.4931248
964	375.4678628
965	375.4404334
966	375.4116278
967	375.3857485
968	375.3624054
969	375.3419057
970	375.3223112
971	375.3037234
972	375.2879936
973	375.2760792
974	375.2668411
975	375.2609281
976	375.258554
977	375.2570032
978	375.2585655
979	375.2614213
980	375.263205
981	375.2668266
982	375.2705167
983	375.276171
984	375.2825366
985	375.2882129
986	375.2932554
987	375.2988471
988	375.3017947
989	375.3058401
990	375.3124435
991	375.3190105
992	375.3253971
993	375.3312162
994	375.3340813
995	375.336186
996	375.3377437
997	375.3359204
998	375.3345998
999	375.3296887
1000	375.3257393
1001	375.3226414
1002	375.3216727
1003	375.3210583
1004	375.3249897
1005	375.3331127
1006	375.3445299
1007	375.3601601
1008	375.3769939
1009	375.3978143
1010	375.4160255
1011	375.4326517
1012	375.4467098
1013	375.4566951
1014	375.4633797
1015	375.4640435
1016	375.4598221
1017	375.4501384
1018	375.4373203
1019	375.4186063
1020	375.4006982
1021	375.3810301
1022	375.362811
1023	375.3483022
1024	375.3348692
1025	375.32365
1026	375.3154353
1027	375.3128886
1028	375.3152868
1029	375.3240935
1030	375.3347402
1031	375.3487089
1032	375.3642109
1033	375.3805626
1034	375.3980841
1035	375.4182997
1036	375.4404276
1037	375.4606802
1038	375.4802434
1039	375.4965594
1040	375.5122054
1041	375.5266012
1042	375.5376373
1043	375.5473597
1044	375.5555412
1045	375.5611377
1046	375.5623758
1047	375.5631217
1048	375.5604468
1049	375.5571487
1050	375.5497111
1051	375.5397592
1052	375.529353
1053	375.516841
1054	375.5027739
1055	375.4886332
1056	375.4757584
1057	375.4625707
1058	375.4504239
1059	375.4390658
1060	375.4292613
1061	375.4192321
1062	375.4078062
1063	375.3941841
1064	375.3787999
1065	375.3620033
1066	375.3441393
1067	375.3259206
1068	375.3071908
1069	375.2872063
1070	375.2696293
1071	375.2533359
1072	375.2386097
1073	375.2269173
1074	375.2154722
1075	375.2052421
1076	375.1960837
1077	375.1881538
1078	375.1802916
1079	375.1728706
1080	375.1634217
1081	375.1527835
1082	375.1407312
1083	375.1267546
1084	375.1146941
1085	375.1023461
1086	375.0911474
1087	375.0806391
1088	375.07067
1089	375.0622134
1090	375.0543655
1091	375.0487021
1092	375.0456096
1093	375.0450534
1094	375.0448265
1095	375.0459167
1096	375.0447686
1097	375.0452981
1098	375.0496056
1099	375.0580361
1100	375.0733267
1101	375.0957218
1102	375.1223925
1103	375.1557422
1104	375.1953583
1105	375.240105
1106	375.2923367
1107	375.3434571
1108	375.3936589
1109	375.440114
1110	375.4814324
1111	375.5152881
1112	375.5451393
1113	375.5656687
1114	375.5773164
1115	375.5797205
1116	375.5717703
1117	375.5602586
1118	375.541257
1119	375.5198927
1120	375.4968774
1121	375.4733292
1122	375.4504361
1123	375.4311634
1124	375.414402
1125	375.401636
1126	375.392457
1127	375.3867412
1128	375.3858737
1129	375.3837912
1130	375.3801298
1131	375.3754562
1132	375.3685953
1133	375.3584441
1134	375.3453344
1135	375.331178
1136	375.3162307
1137	375.3025808
1138	375.2889391
1139	375.2815754
1140	375.2792511
1141	375.2820675
1142	375.2882896
1143	375.2975206
1144	375.3111557
1145	375.3275254
1146	375.3459955
1147	375.3621199
1148	375.3763473
1149	375.3870148
1150	375.3942764
1151	375.3944297
1152	375.3879421
1153	375.3804405
1154	375.3691205
1155	375.3568197
1156	375.3418454
1157	375.3260356
1158	375.3095192
1159	375.2913961
1160	375.2738735
1161	375.260981
1162	375.2523818
1163	375.242064
1164	375.2350587
1165	375.2278301
1166	375.2244571
1167	375.2220154
1168	375.2255221
1169	375.231282
1170	375.2370602
1171	375.2419738
1172	375.2462763
1173	375.2508415
1174	375.2552389
1175	375.257463
1176	375.2582982
1177	375.2609999
1178	375.26117
1179	375.2634505
1180	375.267059
1181	375.2717611
1182	375.2781136
1183	375.288324
1184	375.2985879
1185	375.3088635
1186	375.3185163
1187	375.3246786
1188	375.3291944
1189	375.3317797
1190	375.3343103
1191	375.337847
1192	375.3425132
1193	375.3439166
1194	375.344241
1195	375.3447466
1196	375.3443234
1197	375.3446419
1198	375.3444837
1199	375.3415449
1200	375.3361354
1201	375.3269687
1202	375.3130358
1203	375.2980804
1204	375.2818053
1205	375.2631789
1206	375.2434178
1207	375.2215736
1208	375.1994535
1209	375.1790976
1210	375.1595097
1211	375.1435907
1212	375.1308681
1213	375.1187867
1214	375.1065855
1215	375.09676
1216	375.088454
1217	375.0812422
1218	375.0748655
1219	375.070276
1220	375.0652646
1221	375.0600246
1222	375.0560601
1223	375.0551661
1224	375.0563942
1225	375.0579443
1226	375.0549304
1227	375.0507131
1228	375.0469301
1229	375.041337
1230	375.0365413
1231	375.0293346
1232	375.0180027
1233	375.0024496
1234	374.9846301
1235	374.9681007
1236	374.955774
1237	374.946537
1238	374.9372699
1239	374.9319845
1240	374.9275074
1241	374.9272744
1242	374.9347872
1243	374.9485455
1244	374.9673761
1245	374.9893589
1246	375.0166848
1247	375.0452478
1248	375.0732196
1249	375.096865
1250	375.1190028
1251	375.1375133
1252	375.1516578
1253	375.1607698
1254	375.1640352
1255	375.1632813
1256	375.1548492
1257	375.1427245
1258	375.1309847
1259	375.119343
1260	375.1063226
1261	375.0936434
1262	375.07877
1263	375.066216
1264	375.0578139
1265	375.0512955
1266	375.0509818
1267	375.0542545
1268	375.0616466
1269	375.0731631
1270	375.0896058
1271	375.1069378
1272	375.125625
1273	375.1426583
1274	375.1593873
1275	375.1754342
1276	375.1905584
1277	375.2061449
1278	375.2179276
1279	375.2267442
1280	375.2336851
1281	375.2398956
1282	375.2460442
1283	375.2500866
1284	375.2519865
1285	375.2517683
1286	375.2485231
1287	375.2416849
1288	375.234533
1289	375.2278214
1290	375.2192214
1291	375.2090216
1292	375.1975988
1293	375.1868757
1294	375.1761364
1295	375.1646455
1296	375.152653
1297	375.1416192
1298	375.1307915
1299	375.1206539
1300	375.1139475
1301	375.1118347
1302	375.1126951
1303	375.1179113
1304	375.1257087
1305	375.1391175
1306	375.1573287
1307	375.1801205
1308	375.2048407
1309	375.2288901
1310	375.2528113
1311	375.2729067
1312	375.2890836
1313	375.2989151
1314	375.3037452
1315	375.3033819
1316	375.2973198
1317	375.284183
1318	375.268778
1319	375.2520023
1320	375.2336243
1321	375.2171759
1322	375.2051806
1323	375.1994467
1324	375.1984982
1325	375.2013255
1326	375.2055835
1327	375.2121225
1328	375.2172358
1329	375.2210181
1330	375.222978
1331	375.2228887
1332	375.2184284
1333	375.2091248
1334	375.1964375
1335	375.1778804
1336	375.1571018
1337	375.132826
1338	375.1067058
1339	375.0772804
1340	375.0462124
1341	375.0137046
1342	374.9811592
1343	374.9480934
1344	374.9135548
1345	374.8771606
1346	374.8424088
1347	374.8116603
1348	374.7858617
1349	374.7670567
1350	374.7525479
1351	374.7410389
1352	374.7327443
1353	374.7278368
1354	374.728324
1355	374.7366317
1356	374.7481785
1357	374.7637446
1358	374.7828847
1359	374.8063252
1360	374.8321941
1361	374.8624036
1362	374.8944103
1363	374.931031
1364	374.9693796
1365	375.0091063
1366	375.0506799
1367	375.0926498
1368	375.1313283
1369	375.1665666
1370	375.1987712
1371	375.226824
1372	375.2534271
1373	375.2768407
1374	375.2959125
1375	375.310274
1376	375.3219879
1377	375.3290128
1378	375.3347766
1379	375.3368706
1380	375.3345244
1381	375.3310594
1382	375.3259186
1383	375.3201712
1384	375.3157828
1385	375.3134939
1386	375.3101463
1387	375.3071613
1388	375.303826
1389	375.3014341
1390	375.3007104
1391	375.299639
1392	375.2980797
1393	375.295624
1394	375.2943678
1395	375.292394
1396	375.2909899
1397	375.2898725
1398	375.2906602
1399	375.2921721
1400	375.2976206
1401	375.3035384
1402	375.3088622
1403	375.314599
1404	375.3185338
1405	375.3223716
1406	375.3246529
1407	375.3258389
1408	375.3237928
1409	375.3210691
1410	375.316163
1411	375.3097416
1412	375.3042239
1413	375.2977306
1414	375.2929101
1415	375.2876067
1416	375.2843652
1417	375.2820209
1418	375.2819116
1419	375.2808832
1420	375.2790248
1421	375.2763968
1422	375.2724362
1423	375.2672801
1424	375.2593167
1425	375.2513498
1426	375.2428038
1427	375.2352766
1428	375.2284751
1429	375.2231678
1430	375.2178609
1431	375.2146488
1432	375.2133507
1433	375.2143006
1434	375.2159466
1435	375.2181069
1436	375.2191485
1437	375.2192268
1438	375.2175938
1439	375.216713
1440	375.2173263
1441	375.2178894
1442	375.2181641
1443	375.2181847
1444	375.2176635
1445	375.2159696
1446	375.213949
1447	375.2119475
1448	375.2091392
1449	375.205608
1450	375.1991393
1451	375.1913948
1452	375.1807721
1453	375.1665543
1454	375.1522189
1455	375.138543
1456	375.1263881
1457	375.1146028
1458	375.1037039
1459	375.0920061
1460	375.0823661
1461	375.0743365
1462	375.0697087
1463	375.0660948
1464	375.0635785
1465	375.0621075
1466	375.0616984
1467	375.0620521
1468	375.0622985
1469	375.0646214
1470	375.0687354
1471	375.0761611
1472	375.0866668
1473	375.1012262
1474	375.1169325
1475	375.1343791
1476	375.1514353
1477	375.171093
1478	375.1918507
1479	375.2136047
1480	375.2327775
1481	375.2485489
1482	375.2622648
1483	375.2763437
1484	375.2915182
1485	375.3072871
1486	375.323706
1487	375.3384989
1488	375.3544525
1489	375.3680781
1490	375.3830489
1491	375.3974473
1492	375.4107018
1493	375.4213556
1494	375.4277148
1495	375.4289432
1496	375.425237
1497	375.4195122
1498	375.4118843
1499	375.4050022
1500	375.3974166
1501	375.392466
1502	375.3890024
1503	375.3889356
1504	375.394504
1505	375.4054149
1506	375.4217974
1507	375.4395609
1508	375.4575309
1509	375.4750263
1510	375.4939639
1511	375.5112051
1512	375.5272776
1513	375.5385171
1514	375.5451254
1515	375.5458916
1516	375.5399964
1517	375.5307669
1518	375.518179
1519	375.5010954
1520	375.4797049
1521	375.4537799
1522	375.4248133
1523	375.3930456
1524	375.3604492
1525	375.3289475
1526	375.3009142
1527	375.2733128
1528	375.2472516
1529	375.2240182
1530	375.2032117
1531	375.1857076
1532	375.1673843
1533	375.151453
1534	375.1382657
1535	375.1280879
1536	375.1201453
1537	375.1157921
1538	375.1142358
1539	375.1169011
1540	375.1214683
1541	375.1291906
1542	375.1430014
1543	375.1639168
1544	375.1877425
1545	375.2122606
1546	375.2351202
1547	375.2559868
1548	375.2759698
1549	375.2935432
1550	375.3101852
1551	375.3281721
1552	375.3461048
1553	375.3606121
1554	375.3726074
1555	375.3851094
1556	375.3982552
1557	375.413557
1558	375.4269814
1559	375.4392089
1560	375.4492729
1561	375.4529945
1562	375.4530537
1563	375.4486818
1564	375.4407748
1565	375.4291342
1566	375.416692
1567	375.4018003
1568	375.387476
1569	375.3730008
1570	375.3592427
1571	375.3487844
1572	375.3373569
1573	375.3281569
1574	375.3216823
1575	375.3170736
1576	375.3141979
1577	375.3123871
1578	375.3132868
1579	375.3239384
1580	375.3204084
1581	375.3268
1582	375.3342398
1583	375.3452602
1584	375.3563795
1585	375.368517
1586	375.3811432
1587	375.3973435
1588	375.4160857
1589	375.4301464
1590	375.4625834
1591	375.4881301
1592	375.5175595
1593	375.5471182
1594	375.577829
1595	375.6072268
1596	375.634566
1597	375.6548721
1598	375.6695187
1599	375.6777566
1600	375.68157
1601	375.6798565
1602	375.6725496
1603	375.6593532
1604	375.6409081
1605	375.6183118
1606	375.5947088
1607	375.5734237
1608	375.552437
1609	375.5311606
1610	375.5097525
1611	375.4854188
1612	375.4611926
1613	375.4353025
1614	375.4126909
1615	375.3910304
1616	375.3682207
1617	375.3436129
1618	375.3164814
1619	375.2870268
1620	375.2568116
1621	375.2292723
1622	375.2042076
1623	375.1816713
1624	375.1606119
1625	375.139646
1626	375.1195857
1627	375.1011676
1628	375.0881016
1629	375.0806186
1630	375.0776828
1631	375.0772414
1632	375.0787577
1633	375.0828519
1634	375.0889838
1635	375.0981905
1636	375.1114711
1637	375.1266638
1638	375.1437077
1639	375.162131
1640	375.1824186
1641	375.2050817
1642	375.2289951
1643	375.2533696
1644	375.2770177
1645	375.3026164
1646	375.3272304
1647	375.3517081
1648	375.3748431
1649	375.3959449
1650	375.4148332
1651	375.4336224
1652	375.4553485
1653	375.4804431
1654	375.505667
1655	375.5281816
1656	375.5479184
1657	375.5655389
1658	375.5803287
1659	375.5941613
1660	375.6070799
1661	375.6179623
1662	375.6251018
1663	375.6289885
1664	375.6337657
1665	375.640198
1666	375.6497053
1667	375.6598716
1668	375.6722295
1669	375.6847644
1670	375.6972349
1671	375.7092011
1672	375.7189188
1673	375.7271096
1674	375.7307119
1675	375.7295801
1676	375.7236099
1677	375.7149577
1678	375.7013262
1679	375.6847149
1680	375.666301
1681	375.646159
1682	375.6259212
1683	375.616508
1684	375.6007022
1685	375.5857618
1686	375.5723994
1687	375.559608
1688	375.5476987
1689	375.5391648
1690	375.531251
1691	375.5263079
1692	375.5225559
1693	375.5077312
1694	375.4994955
1695	375.4933862
1696	375.4893027
1697	375.4882852
1698	375.4897485
1699	375.491269
1700	375.4930861
1701	375.4913795
1702	375.49073
1703	375.4909339
1704	375.4934662
1705	375.4970716
1706	375.5007646
1707	375.5044722
1708	375.5103864
1709	375.5169846
1710	375.5254833
1711	375.5381985
1712	375.5520015
1713	375.5677403
1714	375.583793
1715	375.6014247
1716	375.619397
1717	375.6366764
1718	375.6525747
1719	375.6687411
1720	375.6839614
1721	375.6967345
1722	375.7056365
1723	375.7108907
1724	375.7149237
1725	375.7157668
1726	375.7139767
1727	375.709863
1728	375.7046926
1729	375.697995
1730	375.6913413
1731	375.684644
1732	375.6795979
1733	375.6755563
1734	375.671165
1735	375.6681836
1736	375.6656718
1737	375.6634164
1738	375.6608379
1739	375.6582099
1740	375.6547075
1741	375.6496741
1742	375.6422443
1743	375.6333728
1744	375.6236375
1745	375.6112737
1746	375.5982791
1747	375.5847581
1748	375.5696242
1749	375.5528626
1750	375.5333599
1751	375.5143098
1752	375.4949795
1753	375.475516
1754	375.4560049
1755	375.4365565
1756	375.4164811
1757	375.3984199
1758	375.3809173
1759	375.3649303
1760	375.3502719
1761	375.3368196
1762	375.3243683
1763	375.3145707
1764	375.3047248
1765	375.2979652
1766	375.2936146
1767	375.2882243
1768	375.2849715
1769	375.2821289
1770	375.2819584
1771	375.283367
1772	375.285157
1773	375.2862216
1774	375.2880229
1775	375.2876607
1776	375.2870183
1777	375.2862037
1778	375.286063
1779	375.2851923
1780	375.2826484
1781	375.27898
1782	375.2766237
1783	375.2746282
1784	375.2747447
1785	375.2764028
1786	375.2772204
1787	375.2784521
1788	375.2786846
1789	375.2784488
1790	375.2781106
1791	375.2771029
1792	375.2739409
1793	375.2705424
1794	375.2646502
1795	375.2600051
1796	375.2591628
1797	375.2600417
1798	375.2632748
1799	375.2707125
1800	375.2819362
1801	375.2962675
1802	375.3144221
1803	375.3346197
1804	375.3583581
1805	375.3842279
1806	375.4085061
1807	375.4334043
1808	375.4563048
1809	375.4772895
1810	375.4965579
1811	375.5141086
1812	375.5290034
1813	375.5398356
1814	375.5479937
1815	375.5525468
1816	375.5553614
1817	375.5560122
1818	375.5549842
1819	375.5517988
1820	375.5447021
1821	375.5354347
1822	375.5250003
1823	375.5143777
1824	375.5024299
1825	375.4899324
1826	375.4793762
1827	375.4708553
1828	375.4647156
1829	375.4615134
1830	375.4607098
1831	375.4609215
1832	375.4638997
1833	375.4692415
1834	375.4769361
1835	375.4834339
1836	375.4872943
1837	375.4898104
1838	375.4903929
1839	375.4889519
1840	375.4869715
1841	375.4824638
1842	375.4745546
1843	375.4651232
1844	375.4541453
1845	375.4450031
1846	375.4349213
1847	375.4223341
1848	375.4088044
1849	375.3943173
1850	375.379563
1851	375.3675781
1852	375.3551468
1853	375.3404052
1854	375.3218246
1855	375.2998032
1856	375.2782601
1857	375.2565098
1858	375.2377305
1859	375.2210883
1860	375.2075692
1861	375.1937931
1862	375.1856096
1863	375.1837465
1864	375.1870402
1865	375.1943992
1866	375.2055895
1867	375.2227191
1868	375.2424503
1869	375.2625094
1870	375.2808124
1871	375.299847
1872	375.3159564
1873	375.3286793
1874	375.340323
1875	375.3503093
1876	375.358722
1877	375.3624204
1878	375.3609168
1879	375.3568086
1880	375.3519259
1881	375.348135
1882	375.347137
1883	375.349675
1884	375.3560137
1885	375.3682624
1886	375.3848112
1887	375.4049529
1888	375.429062
1889	375.4558974
1890	375.4854384
1891	375.5157703
1892	375.5430098
1893	375.5666685
1894	375.5854291
1895	375.5951738
1896	375.5977509
1897	375.5969338
1898	375.5895939
1899	375.5786711
1900	375.5646722
1901	375.5474891
1902	375.530522
1903	375.5138054
1904	375.4989079
1905	375.4873872
1906	375.479166
1907	375.4733643
1908	375.4711719
1909	375.471085
1910	375.471235
1911	375.4717836
1912	375.4705868
1913	375.4697707
1914	375.4694742
1915	375.4700169
1916	375.4682222
1917	375.4652791
1918	375.4614082
1919	375.4572451
1920	375.4543356
1921	375.4526472
1922	375.4531705
1923	375.4553911
1924	375.4575269
1925	375.460752
1926	375.4667449
1927	375.4723115
1928	375.479813
1929	375.487681
1930	375.4971682
1931	375.5071294
1932	375.5173642
1933	375.5266987
1934	375.5339893
1935	375.5392859
1936	375.5438166
1937	375.5499837
1938	375.5562451
1939	375.5618859
1940	375.5654192
1941	375.5657725
1942	375.564063
1943	375.5580772
1944	375.5490627
1945	375.5367459
1946	375.5202319
1947	375.5003404
1948	375.4779365
1949	375.4540499
1950	375.4279716
1951	375.4022532
1952	375.375269
1953	375.3507442
1954	375.3288476
1955	375.3101521
1956	375.2943858
1957	375.2821981
1958	375.2727132
1959	375.2664506
1960	375.2634245
1961	375.2622653
1962	375.2644998
1963	375.2686682
1964	375.2754788
1965	375.2834722
1966	375.2936916
1967	375.3035305
1968	375.3131496
1969	375.3238849
1970	375.3354372
1971	375.3485941
1972	375.362466
1973	375.3762849
1974	375.3890014
1975	375.4042012
1976	375.418466
1977	375.4310746
1978	375.4414094
1979	375.448705
1980	375.4516717
1981	375.4519395
1982	375.4494439
1983	375.4448671
1984	375.4378201
1985	375.4239618
1986	375.4066412
1987	375.3875655
1988	375.3662584
1989	375.3420373
1990	375.3155424
1991	375.2876642
1992	375.2583663
1993	375.2286958
1994	375.1993088
1995	375.1716233
1996	375.1450134
1997	375.1193153
1998	375.0971323
1999	375.0781276
2000	375.0647564
2001	375.0545343
2002	375.0490739
2003	375.0449762
2004	375.0431966
2005	375.0421578
2006	375.0434425
2007	375.0479151
2008	375.0550425
2009	375.0655035
2010	375.0771793
2011	375.0905074
2012	375.1036231
2013	375.1179031
2014	375.1342915
2015	375.1513299
2016	375.16856
2017	375.1848638
2018	375.1990231
2019	375.2113143
2020	375.2201268
2021	375.2250513
2022	375.2258273
2023	375.2234391
2024	375.2166275
2025	375.2080882
2026	375.1964345
2027	375.1846603
2028	375.1734796
2029	375.1626262
2030	375.1518218
2031	375.1427145
2032	375.1367122
2033	375.1335775
2034	375.1314868
2035	375.1297672
2036	375.1283441
2037	375.1241964
2038	375.1185758
2039	375.1120757
2040	375.1072996
2041	375.1017002
2042	375.0943706
2043	375.0871415
2044	375.0823606
2045	375.0813927
2046	375.0828292
2047	375.0877516
2048	375.0918258
2049	375.0958638
2050	375.0999891
2051	375.1046659
2052	375.1088718
2053	375.1112565
2054	375.1117009
2055	375.1084299
2056	375.1043715
2057	375.0991989
2058	375.095571
2059	375.0911927
2060	375.0844767
2061	375.0770572
2062	375.0703635
2063	375.064474
2064	375.0589967
2065	375.0567134
2066	375.0557842
2067	375.0568444
2068	375.0601059
2069	375.0637975
2070	375.0690387
2071	375.074359
2072	375.0811967
2073	375.0896104
2074	375.0996434
2075	375.1114177
2076	375.1252069
2077	375.14008
2078	375.1549729
2079	375.1726301
2080	375.1928702
2081	375.2173797
2082	375.2427023
2083	375.2702649
2084	375.2979651
2085	375.3237595
2086	375.3479988
2087	375.3724264
2088	375.3968454
2089	375.4227955
2090	375.4492318
2091	375.4726471
2092	375.4953901
2093	375.5136459
2094	375.529625
2095	375.5442151
2096	375.558189
2097	375.5676074
2098	375.5730286
2099	375.5716578
2100	375.5650041
2101	375.5547782
2102	375.5406078
2103	375.5267171
2104	375.5139198
2105	375.5015469
2106	375.4883448
2107	375.4754019
2108	375.4635629
2109	375.4524276
2110	375.4410367
2111	375.430758
2112	375.4220258
2113	375.4141595
2114	375.4087605
2115	375.4023388
2116	375.3938154
2117	375.3840384
2118	375.3716896
2119	375.3592615
2120	375.3480649
2121	375.3350183
2122	375.323538
2123	375.3120998
2124	375.2979388
2125	375.2831319
2126	375.2708398
2127	375.2599006
2128	375.252392
2129	375.2462633
2130	375.240134
2131	375.237166
2132	375.2331591
2133	375.2282374
2134	375.2237516
2135	375.2207675
2136	375.2178953
2137	375.217296
2138	375.2158872
2139	375.2157512
2140	375.2180153
2141	375.2213934
2142	375.2262269
2143	375.232831
2144	375.2406145
2145	375.2490556
2146	375.2578027
2147	375.2664742
2148	375.2785047
2149	375.292466
2150	375.3072944
2151	375.3236685
2152	375.3403401
2153	375.3580805
2154	375.3754242
2155	375.3920669
2156	375.4074834
2157	375.4208678
2158	375.4307806
2159	375.4387576
2160	375.4461964
2161	375.4535351
2162	375.4629586
2163	375.4717171
2164	375.480585
2165	375.4891122
2166	375.4994963
2167	375.512338
2168	375.5270494
2169	375.5406006
2170	375.5518278
2171	375.5597639
2172	375.5622187
2173	375.560478
2174	375.5566879
2175	375.5510551
2176	375.5435202
2177	375.534249
2178	375.5226044
2179	375.5105573
2180	375.4982674
2181	375.4846899
2182	375.4723545
2183	375.4615877
2184	375.4484978
2185	375.4358581
2186	375.421863
2187	375.406654
2188	375.3906252
2189	375.3743135
2190	375.358954
2191	375.3453755
2192	375.3323216
2193	375.3203778
2194	375.3104603
2195	375.3009144
2196	375.2916426
2197	375.2823886
2198	375.2740026
2199	375.2677512
2200	375.2632502
2201	375.2597491
2202	375.2577985
2203	375.2573298
2204	375.2571463
2205	375.2590678
2206	375.2624066
2207	375.267791
2208	375.2757956
2209	375.2851359
2210	375.2943604
2211	375.3047302
2212	375.3153395
2213	375.3259444
2214	375.3393743
2215	375.352231
2216	375.3665806
2217	375.3816619
2218	375.3957746
2219	375.4076442
2220	375.4184017
2221	375.4273039
2222	375.4339409
2223	375.4376867
2224	375.4364632
2225	375.4348827
2226	375.4310848
2227	375.4238511
2228	375.4153517
2229	375.4066397
2230	375.3968654
2231	375.387057
2232	375.3784479
2233	375.3699628
2234	375.3647154
2235	375.3604724
2236	375.3588747
2237	375.3590685
2238	375.3584278
2239	375.3579773
2240	375.3599178
2241	375.3641353
2242	375.3692295
2243	375.3760883
2244	375.3821176
2245	375.3869071
2246	375.3873142
2247	375.385545
2248	375.3826202
2249	375.3779034
2250	375.3714524
2251	375.3604145
2252	375.3469527
2253	375.3324039
2254	375.3157012
2255	375.2959899
2256	375.278736
2257	375.2646231
2258	375.2549453
2259	375.2486206
2260	375.2435859
2261	375.2420695
2262	375.2434049
2263	375.2460737
2264	375.2516619
2265	375.2605819
2266	375.2693555
2267	375.2767236
2268	375.283674
2269	375.290176
2270	375.2969986
2271	375.3016305
2272	375.3025141
2273	375.3019568
2274	375.3005234
2275	375.2985311
2276	375.2963877
2277	375.294877
2278	375.2908067
2279	375.2846785
2280	375.2779434
2281	375.2737233
2282	375.2722053
2283	375.269693
2284	375.2652662
2285	375.2619079
2286	375.2583561
2287	375.2565297
2288	375.2562088
2289	375.2590429
2290	375.2648751
2291	375.2730527
2292	375.2836598
2293	375.2973127
2294	375.3150072
2295	375.3333229
2296	375.3542779
2297	375.3744133
2298	375.3952286
2299	375.4139597
2300	375.4279826
2301	375.4393269
2302	375.4464975
2303	375.4529631
2304	375.457555
2305	375.4593196
2306	375.4583571
2307	375.4537085
2308	375.4447902
2309	375.433527
2310	375.4206586
2311	375.4035734
2312	375.3850508
2313	375.3648774
2314	375.3436625
2315	375.3252477
2316	375.308967
2317	375.2934556
2318	375.2809634
2319	375.2696828
2320	375.2581317
2321	375.2487276
2322	375.2418658
2323	375.2364796
2324	375.2320224
2325	375.2268396
2326	375.2225637
2327	375.2226124
2328	375.2250782
2329	375.2307998
2330	375.2428158
2331	375.2588468
2332	375.2765654
2333	375.2958952
2334	375.316482
2335	375.3368786
2336	375.3559448
2337	375.3746843
2338	375.3916302
2339	375.4061385
2340	375.41684
2341	375.4244331
2342	375.4299259
2343	375.4335727
2344	375.4363135
2345	375.4384831
2346	375.4389673
2347	375.4391187
2348	375.4415946
2349	375.445306
2350	375.4521531
2351	375.4612738
2352	375.473466
2353	375.4859513
2354	375.4989568
2355	375.5117831
2356	375.5251807
2357	375.5367556
2358	375.5463077
2359	375.5550082
2360	375.5614219
2361	375.570391
2362	375.5804648
2363	375.5910494
2364	375.6037098
2365	375.6173206
2366	375.6335562
2367	375.6514407
2368	375.6707268
2369	375.6904233
2370	375.7111087
2371	375.7273629
2372	375.7390013
2373	375.750021
2374	375.7577882
2375	375.7632134
2376	375.7651193
2377	375.7642392
2378	375.7585443
2379	375.7500256
2380	375.7387297
2381	375.7252868
2382	375.7118696
2383	375.6967745
2384	375.6811031
2385	375.6684284
2386	375.6572861
2387	375.6468882
2388	375.6393867
2389	375.6329819
2390	375.6291303
2391	375.6266997
2392	375.6256265
2393	375.625799
2394	375.6258642
2395	375.6235771
2396	375.6197869
2397	375.6156391
2398	375.6099043
2399	375.6053229
2400	375.5982495
2401	375.5918406
2402	375.583424
2403	375.5725318
2404	375.560211
2405	375.5476368
2406	375.5338468
2407	375.5193402
2408	375.5043444
2409	375.4864788
2410	375.4686171
2411	375.4508582
2412	375.4355694
2413	375.423527
2414	375.4141174
2415	375.4062666
2416	375.4008835
2417	375.3968824
2418	375.3947825
2419	375.3936021
2420	375.3914783
2421	375.388245
2422	375.3855626
2423	375.3848016
2424	375.3848401
2425	375.3852719
2426	375.3901244
2427	375.3996913
2428	375.41292
2429	375.4313854
2430	375.4547898
2431	375.4812985
2432	375.5084841
2433	375.5330786
2434	375.5564226
2435	375.578791
2436	375.5962814
2437	375.6091236
2438	375.6173291
2439	375.6188379
2440	375.612917
2441	375.6021238
2442	375.5867495
2443	375.5700055
2444	375.5531814
2445	375.5357776
2446	375.5185416
2447	375.502258
2448	375.4872567
2449	375.4759892
2450	375.4701834
2451	375.4676092
2452	375.4662001
2453	375.4654773
2454	375.4638473
2455	375.4619331
2456	375.4585109
2457	375.4512545
2458	375.4396089
2459	375.4235609
2460	375.4010763
2461	375.3758329
2462	375.3498374
2463	375.3220824
2464	375.2944143
2465	375.267634
2466	375.2412806
2467	375.2170136
2468	375.1992132
2469	375.1856146
2470	375.1775325
2471	375.1715994
2472	375.1685268
2473	375.1665199
2474	375.1650382
2475	375.1630939
2476	375.1619664
2477	375.1617511
2478	375.1599402
2479	375.1601794
2480	375.1608202
2481	375.1596261
2482	375.1554576
2483	375.151472
2484	375.1483063
2485	375.1465911
2486	375.1452782
2487	375.1440936
2488	375.1436482
2489	375.1394916
2490	375.134785
2491	375.1307073
2492	375.1270384
2493	375.1230931
2494	375.1197203
2495	375.1163141
2496	375.1148467
2497	375.1147586
2498	375.1144587
2499	375.1163927
2500	375.1213488
2501	375.1301681
2502	375.1425629
2503	375.1558576
2504	375.169627
2505	375.1847356
2506	375.1969544
2507	375.2066882
2508	375.213331
2509	375.2195601
2510	375.2236815
2511	375.2250178
2512	375.2238494
2513	375.2244931
2514	375.2260209
2515	375.2264034
2516	375.2287747
2517	375.232089
2518	375.237139
2519	375.2396838
2520	375.2400713
2521	375.2408327
2522	375.2399077
2523	375.2340729
2524	375.2243707
2525	375.2116831
2526	375.1948893
2527	375.1771491
2528	375.1569909
2529	375.1367932
2530	375.1164023
2531	375.0959577
2532	375.0770595
2533	375.0631682
2534	375.0515886
2535	375.0444723
2536	375.0423132
2537	375.0432983
2538	375.0495988
2539	375.0586642
2540	375.0706879
2541	375.0847286
2542	375.101498
2543	375.1184473
2544	375.1369806
2545	375.1537303
2546	375.1679101
2547	375.1801472
2548	375.1911013
2549	375.2023489
2550	375.2130324
2551	375.2231894
2552	375.2323375
2553	375.2414446
2554	375.2482915
2555	375.2532001
2556	375.2587342
2557	375.2645946
2558	375.2692239
2559	375.2729793
2560	375.2768641
2561	375.2805301
2562	375.2835674
2563	375.2864083
2564	375.2895957
2565	375.2940236
2566	375.2973316
2567	375.3003919
2568	375.3016727
2569	375.3056848
2570	375.3082681
2571	375.3119552
2572	375.3154681
2573	375.3198873
2574	375.3257503
2575	375.3318023
2576	375.3391289
2577	375.3441609
2578	375.3499575
2579	375.3529594
2580	375.3563855
2581	375.3555325
2582	375.3536107
2583	375.3473536
2584	375.3367615
2585	375.3260086
2586	375.3146507
2587	375.3045331
2588	375.2935571
2589	375.2818906
2590	375.2691023
2591	375.2545192
2592	375.239393
2593	375.2264521
2594	375.2158069
2595	375.2052611
2596	375.196888
2597	375.1897633
2598	375.1834605
2599	375.1794899
2600	375.1782168
2601	375.1823858
2602	375.1893813
2603	375.1962708
2604	375.2051196
2605	375.2154709
2606	375.2232906
2607	375.2304529
2608	375.2399226
2609	375.2478723
2610	375.2560277
2611	375.2635693
2612	375.2688381
2613	375.2746258
2614	375.2781644
2615	375.2796176
2616	375.2822473
2617	375.2833725
2618	375.2829358
2619	375.2825705
2620	375.2809242
2621	375.2777163
2622	375.2771107
2623	375.2750922
2624	375.2740446
2625	375.2739577
2626	375.2732456
2627	375.2733681
2628	375.2731658
2629	375.2736526
2630	375.2732433
2631	375.2732292
2632	375.2729594
2633	375.2756678
2634	375.2779324
2635	375.2826354
2636	375.2891585
2637	375.295742
2638	375.2990134
2639	375.2818473
2640	375.1034407
2641	374.703321
2642	374.1765289
2643	373.6465943
2644	373.1168757
2645	372.5844917
2646	372.0507593
2647	371.5178659
2648	370.9886609
2649	370.4786928
2650	370.1296792
2651	370.0025007
2652	370.0016443
2653	370.0016312
2654	370.0016313
2655	370.0016173
2656	370.0016049
2657	370.0015976
2658	370.001606
2659	370.0016125
2660	370.0016337
2661	370.0016452
2662	370.0016717
2663	370.0016961
2664	370.0017094
2665	370.0017255
2666	370.0017365
2667	370.0017497
2668	370.0017748
2669	370.0017823
2670	370.0017672
2671	370.0017601
2672	370.0017479
2673	370.0017414
2674	370.0017423
2675	370.0017453
2676	370.0017521
2677	370.0017447
2678	370.0017137
2679	370.0017272
2680	370.0017726
2681	370.0017449
2682	370.0017232
2683	370.0017016
2684	370.0016848
2685	370.0016944
2686	370.0016749
2687	370.0016644
2688	370.0016784
2689	370.0016785
2690	370.0016359
2691	370.001643
2692	370.0016529
2693	370.0016989
2694	370.0016706
2695	370.0016404
2696	370.001643
2697	370.0016651
2698	370.0016533
2699	370.0016209
2700	370.0016069
2701	370.0016352
2702	370.001639
2703	370.0016165
2704	370.0016552
2705	370.0016684
2706	370.0016687
2707	370.0016523
2708	370.0016572
2709	370.0016772
2710	370.0016785
2711	370.0016656
2712	370.0016663
2713	370.001678
2714	370.0016779
2715	370.0016888
2716	370.0017043
2717	370.0017276
2718	370.001748
2719	370.0017627
2720	370.0017987
2721	370.001813
2722	370.0018282
2723	370.0018161
2724	370.0018301
2725	370.0018288
2726	370.001818
2727	370.0017837
2728	370.0017672
2729	370.0017479
2730	370.0017245
2731	370.0017129
2732	370.0016879
2733	370.0016897
2734	370.0016587
2735	370.0016464
2736	370.0016744
2737	370.0016925
2738	370.0017017
2739	370.0017423
2740	370.0017578
2741	370.001752
2742	370.0017562
2743	370.001759
2744	370.0018029
2745	370.0018395
2746	370.0018338
2747	370.0018477
2748	370.0018462
2749	370.0018085
2750	370.0018099
2751	370.0018233
2752	370.0018351
2753	370.0018491
2754	370.0018536
2755	370.0018389
2756	370.0018675
2757	370.0018808
2758	370.0019191
2759	370.0019315
2760	370.0019458
2761	370.0019573
2762	370.0019614
2763	370.0019767
2764	370.001964
2765	370.0019724
2766	370.0019644
2767	370.0019556
2768	370.0019464
2769	370.0019545
2770	370.0019587
2771	370.0019711
2772	370.0020071
2773	370.0019927
2774	370.0019962
2775	370.0020053
2776	370.0019972
2777	370.002008
2778	370.0019939
2779	370.0020042
2780	370.0019596
2781	370.0019235
2782	370.00188
2783	370.0018775
2784	370.0018518
2785	370.0018241
2786	370.0018137
2787	370.0017855
2788	370.0017611
2789	370.0017378
2790	370.0017504
2791	370.0017455
2792	370.00175
2793	370.0017459
2794	370.0017737
2795	370.0017951
2796	370.0017948
2797	370.0017981
2798	370.0017975
2799	370.0018008
2800	370.0018194
2801	370.0018441
2802	370.0018444
2803	370.0018212
2804	370.001794
2805	370.0017694
2806	370.0017672
2807	370.0017774
2808	370.0017973
2809	370.0018004
2810	370.0017758
2811	370.0017691
2812	370.0017612
2813	370.0017756
2814	370.0017709
2815	370.0017744
2816	370.0017629
2817	370.0017509
2818	370.0017126
2819	370.0016821
2820	370.001686
2821	370.0016633
2822	370.0016455
2823	370.0016432
2824	370.0016486
2825	370.0016463
2826	370.0016581
2827	370.0016604
2828	370.0016709
2829	370.0016741
2830	370.0016624
2831	370.0016828
2832	370.0016989
2833	370.0016966
2834	370.0016797
2835	370.0016564
2836	370.0016284
2837	370.0016123
2838	370.0016072
2839	370.0016222
2840	370.0016427
2841	370.0016541
2842	370.0016623
2843	370.0016552
2844	370.0016791
2845	370.0017257
2846	370.0017523
2847	370.0017471
2848	370.0017545
2849	370.0017492
2850	370.0017344
2851	370.0017249
2852	370.0017091
2853	370.0017363
2854	370.001733
2855	370.0017111
2856	370.0017076
2857	370.0017276
2858	370.0017359
2859	370.0017297
2860	370.0017258
2861	370.0017405
2862	370.0017343
2863	370.0017209
2864	370.0017098
2865	370.0017007
2866	370.0017007
2867	370.0016787
2868	370.0016525
2869	370.0016576
2870	370.0016576
2871	370.0016309
2872	370.0016253
2873	370.0016223
2874	370.0016133
2875	370.0016335
2876	370.0016316
2877	370.0016469
2878	370.0016514
2879	370.0016736
2880	370.0016792
2881	370.0016972
2882	370.0016958
2883	370.001706
2884	370.0017163
2885	370.0017031
2886	370.0017197
2887	370.0017265
2888	370.0017357
2889	370.0017304
2890	370.0017432
2891	370.0017387
2892	370.0017619
2893	370.0017725
2894	370.0017796
2895	370.0017974
2896	370.0017818
2897	370.0017989
2898	370.0018375
2899	370.0018386
2900	370.0018631
2901	370.0018732
2902	370.0018888
2903	370.0018973
2904	370.0019241
2905	370.0019224
2906	370.0019338
2907	370.0019355
2908	370.0019121
2909	370.0018969
2910	370.0018617
2911	370.0018444
2912	370.0018066
2913	370.0017791
2914	370.0017626
2915	370.00174
2916	370.001749
2917	370.0017446
2918	370.0017525
2919	370.0017555
2920	370.0017715
2921	370.0017878
2922	370.0018064
2923	370.0018073
2924	370.0017981
2925	370.0018261
2926	370.0018068
2927	370.0017974
2928	370.0017804
2929	370.0017979
2930	370.0017852
2931	370.00178
2932	370.0017815
2933	370.0017948
2934	370.0018091
2935	370.0018032
2936	370.0018141
2937	370.0018088
2938	370.0018037
2939	370.0017945
2940	370.0017871
2941	370.0017909
2942	370.0018029
2943	370.0017967
2944	370.0017684
2945	370.0017457
2946	370.0017358
2947	370.0017425
2948	370.001756
2949	370.0017803
2950	370.0018026
2951	370.0018127
2952	370.0018146
2953	370.0018218
2954	370.0018256
2955	370.0018231
2956	370.0018161
2957	370.0018138
2958	370.0017944
2959	370.0017549
2960	370.0017545
2961	370.0017445
2962	370.0017171
2963	370.0016963
2964	370.0016831
2965	370.0016734
2966	370.0016671
2967	370.0016348
2968	370.0016397
2969	370.0016582
2970	370.0016325
2971	370.0016044
2972	370.0016119
2973	370.0016109
2974	370.0016356
2975	370.0016421
2976	370.0016331
2977	370.0016568
2978	370.0016486
2979	370.0016289
2980	370.0016295
2981	370.0016655
2982	370.0016896
2983	370.0017006
2984	370.0017026
2985	370.0017195
2986	370.0017437
2987	370.0017457
2988	370.0017688
2989	370.0017708
2990	370.0017799
2991	370.0017714
2992	370.0017658
2993	370.0017731
2994	370.0017892
2995	370.0017983
2996	370.001802
2997	370.0017863
2998	370.001767
2999	370.001775
3000	370.0017539
3001	370.0017326
3002	370.0017223
3003	370.0017118
3004	370.0016998
3005	370.0016915
3006	370.0016622
3007	370.0016568
3008	370.0016616
3009	370.0016643
3010	370.0016806
3011	370.0016972
3012	370.0017058
3013	370.0017149
3014	370.0017076
3015	370.0017025
3016	370.0017366
3017	370.0017603
3018	370.0017717
3019	370.0017691
3020	370.0017751
3021	370.0017942
3022	370.0017943
3023	370.0018018
3024	370.0018144
3025	370.0018166
3026	370.0017964
3027	370.0017906
3028	370.0017876
3029	370.0017924
3030	370.0018019
3031	370.0017922
3032	370.0017867
3033	370.0017885
3034	370.0017853
3035	370.0017982
3036	370.0018315
3037	370.0018624
3038	370.0018794
3039	370.0018839
3040	370.0018865
3041	370.0018902
3042	370.0018975
3043	370.0019071
3044	370.0019236
3045	370.0019177
3046	370.0019022
3047	370.0018897
3048	370.0018822
3049	370.0018807
3050	370.0019135
3051	370.0019222
3052	370.0019095
3053	370.0018886
3054	370.0018843
3055	370.0018993
3056	370.001901
3057	370.0018915
3058	370.0018867
3059	370.0018939
3060	370.0018674
3061	370.001849
3062	370.0018613
3063	370.0018608
3064	370.0018345
3065	370.001813
3066	370.0017949
3067	370.0017791
3068	370.0017601
3069	370.0017601
3070	370.001763
3071	370.0017767
3072	370.0017848
3073	370.0018135
3074	370.0018438
3075	370.0018692
3076	370.0018818
3077	370.0019076
3078	370.0019391
3079	370.001919
3080	370.001891
3081	370.0018497
3082	370.001835
3083	370.0018252
3084	370.0017977
3085	370.0017779
3086	370.00177
3087	370.0017315
3088	370.0017119
3089	370.0017361
3090	370.0017575
3091	370.0017813
3092	370.0017791
3093	370.0017785
3094	370.001795
3095	370.0017969
3096	370.0018181
3097	370.0018326
3098	370.0018257
3099	370.0017974
3100	370.0017849
3101	370.0017798
3102	370.0017714
3103	370.0017517
3104	370.0017355
3105	370.001708
3106	370.0016889
3107	370.0016809
3108	370.0016804
3109	370.0016845
3110	370.0016841
3111	370.0016759
3112	370.0016797
3113	370.0016864
3114	370.0016899
3115	370.0017071
3116	370.001698
3117	370.0017152
3118	370.0017161
3119	370.0017213
3120	370.0017251
3121	370.0017428
3122	370.0017412
3123	370.0017591
3124	370.0017692
3125	370.0017825
3126	370.0017787
3127	370.0017684
3128	370.001762
3129	370.0017585
3130	370.0017752
3131	370.0017813
3132	370.0018055
3133	370.0018017
3134	370.0017936
3135	370.0017845
3136	370.0018051
3137	370.0018237
3138	370.0018472
3139	370.001856
3140	370.0018547
3141	370.0018533
3142	370.0018119
3143	370.0017995
3144	370.0017959
3145	370.0017813
3146	370.0017751
3147	370.0017775
3148	370.0017731
3149	370.0017678
3150	370.0017468
3151	370.0017314
3152	370.0017384
3153	370.0017196
3154	370.0016838
3155	370.0016965
3156	370.0016795
3157	370.0016388
3158	370.0016253
3159	370.0016264
3160	370.0016362
3161	370.0016279
3162	370.0016303
3163	370.0016332
3164	370.0016498
3165	370.0016353
3166	370.0016198
3167	370.0016227
3168	370.0015983
3169	370.0015872
3170	370.0015506
3171	370.0015462
3172	370.0015372
3173	370.0015327
3174	370.0015178
3175	370.0014992
3176	370.0015172
3177	370.0015221
3178	370.0015312
3179	370.0015364
3180	370.0015408
3181	370.0015427
3182	370.0015472
3183	370.001546
3184	370.0015952
3185	370.0016343
3186	370.0016443
3187	370.0016614
3188	370.0016683
3189	370.0016761
3190	370.0016999
3191	370.0017166
3192	370.0017283
3193	370.0017474
3194	370.0017327
3195	370.0017307
3196	370.0017413
3197	370.0017317
3198	370.0017579
3199	370.0017718
3200	370.0017582
3201	370.0017595
3202	370.001761
3203	370.0017696
3204	370.0017495
3205	370.0017554
3206	370.0017286
3207	370.0017156
3208	370.0017012
3209	370.0016796
3210	370.0016801
3211	370.0016687
3212	370.0016564
3213	370.0016299
3214	370.0016327
3215	370.0016175
3216	370.0016224
3217	370.0016384
3218	370.0016421
3219	370.0016396
3220	370.0016354
3221	370.001629
3222	370.0016309
3223	370.0016349
3224	370.0016532
3225	370.0016432
3226	370.0016532
3227	370.0016491
3228	370.0016465
3229	370.0016654
3230	370.0016692
3231	370.0016816
3232	370.0016597
3233	370.001653
3234	370.0016388
3235	370.0016436
3236	370.0016304
3237	370.0016434
3238	370.0016314
3239	370.0016146
3240	370.0016253
3241	370.0016077
3242	370.0016307
3243	370.0016289
3244	370.0016271
3245	370.0016275
3246	370.0016438
3247	370.0016425
3248	370.0016643
3249	370.0016659
3250	370.0016655
3251	370.0016821
3252	370.0016724
3253	370.0016745
3254	370.0016774
3255	370.0016822
3256	370.0016584
3257	370.0016507
3258	370.001629
3259	370.001614
3260	370.0016099
3261	370.0015887
3262	370.0015922
3263	370.0016003
3264	370.0016068
3265	370.0016036
3266	370.0016242
3267	370.0016292
3268	370.001635
3269	370.0016778
3270	370.0016651
3271	370.0017035
3272	370.0017323
3273	370.0017542
3274	370.001772
3275	370.0017645
3276	370.0017795
3277	370.0017697
3278	370.0017769
3279	370.0017531
3280	370.0017855
3281	370.0017739
3282	370.0017649
3283	370.0017493
3284	370.0017416
3285	370.0017584
3286	370.0017466
3287	370.0017551
3288	370.0017614
3289	370.0017758
3290	370.0017571
3291	370.0017403
3292	370.001742
3293	370.001761
3294	370.0017523
3295	370.0017671
3296	370.0017919
3297	370.0017878
3298	370.0017931
3299	370.0017726
3300	370.0017697
3301	370.0017831
3302	370.0017718
3303	370.0017299
3304	370.0017216
3305	370.0016817
3306	370.0016503
3307	370.0016567
3308	370.0016467
3309	370.0016378
3310	370.0016386
3311	370.0016222
3312	370.0016225
3313	370.0016437
3314	370.0016531
3315	370.0016603
3316	370.0016762
3317	370.0016758
3318	370.0016795
3319	370.0016889
3320	370.0016831
3321	370.0016639
3322	370.0016673
3323	370.0016758
3324	370.001682
3325	370.0016927
3326	370.0016847
3327	370.0016974
3328	370.0016882
3329	370.0017184
3330	370.0017221
3331	370.0017551
3332	370.0017618
3333	370.0017542
3334	370.0017544
3335	370.0017542
3336	370.0017428
3337	370.0017234
3338	370.0017062
3339	370.001663
3340	370.0016591
3341	370.0016584
3342	370.001643
3343	370.0016383
3344	370.0016396
3345	370.0016273
3346	370.001638
3347	370.0016494
3348	370.0016703
3349	370.001704
3350	370.0017039
3351	370.001705
3352	370.0017017
3353	370.0017105
3354	370.0017144
3355	370.0017373
3356	370.0017578
3357	370.0017492
3358	370.0017504
3359	370.0017349
3360	370.0017201
3361	370.0016904
3362	370.0016907
3363	370.001684
3364	370.0016698
3365	370.0016413
3366	370.0016121
3367	370.0016217
3368	370.0016119
3369	370.0016194
3370	370.0016527
3371	370.0016583
3372	370.001668
3373	370.0016784
3374	370.0016792
3375	370.0016934
3376	370.001696
3377	370.0017022
3378	370.0017163
3379	370.0017221
3380	370.0017232
3381	370.0017332
3382	370.0017312
3383	370.0017111
3384	370.0016921
3385	370.0016939
3386	370.0016883
3387	370.001671
3388	370.0016524
3389	370.001645
3390	370.0016337
3391	370.0016365
3392	370.0016165
3393	370.0016163
3394	370.0016272
3395	370.0016156
3396	370.0015977
3397	370.0015798
3398	370.0015664
3399	370.0015409
3400	370.0015309
3401	370.001518
3402	370.0015466
3403	370.00157
3404	370.0015644
3405	370.001576
3406	370.001573
3407	370.0015771
3408	370.0015782
3409	370.0015729
3410	370.0015526
3411	370.0015387
3412	370.0015101
3413	370.0014797
3414	370.0014888
3415	370.0014807
3416	370.0014836
3417	370.0014958
3418	370.0015051
3419	370.0015105
3420	370.0015167
3421	370.0015304
3422	370.0015438
3423	370.0015636
3424	370.001569
3425	370.0015648
3426	370.0015752
3427	370.0015777
3428	370.0015864
3429	370.0016097
3430	370.0016214
3431	370.001621
3432	370.0016101
3433	370.0016071
3434	370.0015941
3435	370.0016069
3436	370.0016167
3437	370.0016186
3438	370.001623
3439	370.0016043
3440	370.0016185
3441	370.001626
3442	370.0016472
3443	370.0016457
3444	370.0016603
3445	370.0016878
3446	370.0017075
3447	370.0017378
3448	370.0017474
3449	370.0017629
3450	370.0017704
3451	370.0017961
3452	370.0018007
3453	370.001809
3454	370.0018294
3455	370.0018182
3456	370.0018135
3457	370.0018064
3458	370.0017977
3459	370.0018156
3460	370.0018186
3461	370.0018057
3462	370.0018036
3463	370.0017949
3464	370.0017749
3465	370.0017616
3466	370.0017483
3467	370.0017236
3468	370.0017144
3469	370.001698
3470	370.0016959
3471	370.0016878
3472	370.0016847
3473	370.0016921
3474	370.0017021
3475	370.0016888
3476	370.0016725
3477	370.001662
3478	370.0016545
3479	370.001621
3480	370.0016004
3481	370.0015632
3482	370.0015617
3483	370.001559
3484	370.0015555
3485	370.0015806
3486	370.0016012
3487	370.0016142
3488	370.0016066
3489	370.0016431
3490	370.001677
3491	370.001723
3492	370.0017303
3493	370.0017342
3494	370.001729
3495	370.0017201
3496	370.0017257
3497	370.0017364
3498	370.0017688
3499	370.0017712
3500	370.0017686
3501	370.0017623
3502	370.0017661
3503	370.0017547
3504	370.0017479
3505	370.001734
3506	370.0017182
3507	370.0017178
3508	370.0017157
3509	370.0017101
3510	370.00169
3511	370.001691
3512	370.0016821
3513	370.0016868
3514	370.001671
3515	370.0016725
3516	370.0016822
3517	370.0016771
3518	370.0016502
3519	370.0016259
3520	370.0016174
3521	370.0016067
3522	370.001607
3523	370.0016021
3524	370.0016125
3525	370.0016272
3526	370.0016215
3527	370.0016101
3528	370.0016078
3529	370.0016254
3530	370.0016234
3531	370.0016247
3532	370.0016003
3533	370.0016141
3534	370.0016029
3535	370.0016024
3536	370.0016102
3537	370.0016224
3538	370.0016348
3539	370.0016302
3540	370.0016383
3541	370.0016446
3542	370.0016553
3543	370.0016482
3544	370.0016666
3545	370.0016648
3546	370.0016642
3547	370.0016783
3548	370.0016782
3549	370.001657
3550	370.0016623
3551	370.001659
3552	370.0016587
3553	370.0016588
3554	370.001659
3555	370.0016132
3556	370.0016214
3557	370.0016115
3558	370.0016268
3559	370.0016411
3560	370.0016273
3561	370.0016427
3562	370.0016611
3563	370.0016549
3564	370.0016172
3565	370.0016366
3566	370.0016034
3567	370.0015979
3568	370.0015983
3569	370.0016486
3570	370.0016649
3571	370.0016536
3572	370.0016366
3573	370.0016528
3574	370.0016866
3575	370.0017195
3576	370.0017277
3577	370.001742
3578	370.0017464
3579	370.0017393
3580	370.0017481
3581	370.0017508
3582	370.001781
3583	370.0017684
3584	370.0017731
3585	370.0017759
3586	370.0017937
3587	370.0017969
3588	370.0017839
3589	370.0017345
3590	370.0017335
3591	370.0017467
3592	370.0017333
3593	370.0017483
3594	370.0017631
3595	370.0017462
3596	370.0017407
3597	370.0017246
3598	370.001726
3599	370.0017521
3600	370.0017521