#1
double rotation(1798,2)  # Flow variation
0	375.1217842
1	375.1164221
2	375.1168813
3	375.1291782
4	375.1508804
5	375.1691858
6	375.1850477
7	375.2000047
8	375.2148635
9	375.2314301
10	375.2460183
11	375.2614879
12	375.2769708
13	375.293459
14	375.3130906
15	375.334639
16	375.3602792
17	375.3865183
18	375.4107976
19	375.4356988
20	375.4602238
21	375.4796968
22	375.4968953
23	375.5119817
24	375.5225409
25	375.5289566
26	375.5305899
27	375.5293246
28	375.5277164
29	375.5208582
30	375.5110317
31	375.4994553
32	375.4865998
33	375.4722361
34	375.459319
35	375.445724
36	375.4292614
37	375.4113233
38	375.3904434
39	375.3689906
40	375.3463231
41	375.3238429
42	375.3040237
43	375.285833
44	375.2679619
45	375.252608
46	375.2413175
47	375.2332104
48	375.2297875
49	375.230158
50	375.2362238
51	375.2463456
52	375.2589366
53	375.2721089
54	375.2867342
55	375.3018259
56	375.3182053
57	375.3353654
58	375.3514497
59	375.3680953
60	375.3832915
61	375.3969731
62	375.4074346
63	375.4181955
64	375.4257623
65	375.4314579
66	375.4344306
67	375.4339063
68	375.4317129
69	375.4304841
70	375.4296296
71	375.4288725
72	375.4263937
73	375.4228442
74	375.4209037
75	375.4212179
76	375.4223783
77	375.4224366
78	375.4239634
79	375.4227359
80	375.418882
81	375.4142742
82	375.4125576
83	375.4116425
84	375.4112265
85	375.4101818
86	375.4090103
87	375.4120012
88	375.41613
89	375.4232479
90	375.4329493
91	375.4465485
92	375.4614552
93	375.4776302
94	375.4944935
95	375.512431
96	375.5342302
97	375.5562273
98	375.5789514
99	375.599913
100	375.6206785
101	375.6345908
102	375.6424893
103	375.645102
104	375.6467935
105	375.6460537
106	375.6421535
107	375.6355839
108	375.6252615
109	375.6101947
110	375.5904694
111	375.5710037
112	375.5528827
113	375.5362278
114	375.5162351
115	375.4931248
116	375.4678628
117	375.4404334
118	375.4116278
119	375.3857485
120	375.3624054
121	375.3419057
122	375.3223112
123	375.3037234
124	375.2879936
125	375.2760792
126	375.2668411
127	375.2609281
128	375.258554
129	375.2570032
130	375.2585655
131	375.2614213
132	375.263205
133	375.2668266
134	375.2705167
135	375.276171
136	375.2825366
137	375.2882129
138	375.2932554
139	375.2988471
140	375.3017947
141	375.3058401
142	375.3124435
143	375.3190105
144	375.3253971
145	375.3312162
146	375.3340813
147	375.336186
148	375.3377437
149	375.3359204
150	375.3345998
151	375.3296887
152	375.3257393
153	375.3226414
154	375.3216727
155	375.3210583
156	375.3249897
157	375.3331127
158	375.3445299
159	375.3601601
160	375.3769939
161	375.3978143
162	375.4160255
163	375.4326517
164	375.4467098
165	375.4566951
166	375.4633797
167	375.4640435
168	375.4598221
169	375.4501384
170	375.4373203
171	375.4186063
172	375.4006982
173	375.3810301
174	375.362811
175	375.3483022
176	375.3348692
177	375.32365
178	375.3154353
179	375.3128886
180	375.3152868
181	375.3240935
182	375.3347402
183	375.3487089
184	375.3642109
185	375.3805626
186	375.3980841
187	375.4182997
188	375.4404276
189	375.4606802
190	375.4802434
191	375.4965594
192	375.5122054
193	375.5266012
194	375.5376373
195	375.5473597
196	375.5555412
197	375.5611377
198	375.5623758
199	375.5631217
200	375.5604468
201	375.5571487
202	375.5497111
203	375.5397592
204	375.529353
205	375.516841
206	375.5027739
207	375.4886332
208	375.4757584
209	375.4625707
210	375.4504239
211	375.4390658
212	375.4292613
213	375.4192321
214	375.4078062
215	375.3941841
216	375.3787999
217	375.3620033
218	375.3441393
219	375.3259206
220	375.3071908
221	375.2872063
222	375.2696293
223	375.2533359
224	375.2386097
225	375.2269173
226	375.2154722
227	375.2052421
228	375.1960837
229	375.1881538
230	375.1802916
231	375.1728706
232	375.1634217
233	375.1527835
234	375.1407312
235	375.1267546
236	375.1146941
237	375.1023461
238	375.0911474
239	375.0806391
240	375.07067
241	375.0622134
242	375.0543655
243	375.0487021
244	375.0456096
245	375.0450534
246	375.0448265
247	375.0459167
248	375.0447686
249	375.0452981
250	375.0496056
251	375.0580361
252	375.0733267
253	375.0957218
254	375.1223925
255	375.1557422
256	375.1953583
257	375.240105
258	375.2923367
259	375.3434571
260	375.3936589
261	375.440114
262	375.4814324
263	375.5152881
264	375.5451393
265	375.5656687
266	375.5773164
267	375.5797205
268	375.5717703
269	375.5602586
270	375.541257
271	375.5198927
272	375.4968774
273	375.4733292
274	375.4504361
275	375.4311634
276	375.414402
277	375.401636
278	375.392457
279	375.3867412
280	375.3858737
281	375.3837912
282	375.3801298
283	375.3754562
284	375.3685953
285	375.3584441
286	375.3453344
287	375.331178
288	375.3162307
289	375.3025808
290	375.2889391
291	375.2815754
292	375.2792511
293	375.2820675
294	375.2882896
295	375.2975206
296	375.3111557
297	375.3275254
298	375.3459955
299	375.3621199
300	375.3763473
301	375.3870148
302	375.3942764
303	375.3944297
304	375.3879421
305	375.3804405
306	375.3691205
307	375.3568197
308	375.3418454
309	375.3260356
310	375.3095192
311	375.2913961
312	375.2738735
313	375.260981
314	375.2523818
315	375.242064
316	375.2350587
317	375.2278301
318	375.2244571
319	375.2220154
320	375.2255221
321	375.231282
322	375.2370602
323	375.2419738
324	375.2462763
325	375.2508415
326	375.2552389
327	375.257463
328	375.2582982
329	375.2609999
330	375.26117
331	375.2634505
332	375.267059
333	375.2717611
334	375.2781136
335	375.288324
336	375.2985879
337	375.3088635
338	375.3185163
339	375.3246786
340	375.3291944
341	375.3317797
342	375.3343103
343	375.337847
344	375.3425132
345	375.3439166
346	375.344241
347	375.3447466
348	375.3443234
349	375.3446419
350	375.3444837
351	375.3415449
352	375.3361354
353	375.3269687
354	375.3130358
355	375.2980804
356	375.2818053
357	375.2631789
358	375.2434178
359	375.2215736
360	375.1994535
361	375.1790976
362	375.1595097
363	375.1435907
364	375.1308681
365	375.1187867
366	375.1065855
367	375.09676
368	375.088454
369	375.0812422
370	375.0748655
371	375.070276
372	375.0652646
373	375.0600246
374	375.0560601
375	375.0551661
376	375.0563942
377	375.0579443
378	375.0549304
379	375.0507131
380	375.0469301
381	375.041337
382	375.0365413
383	375.0293346
384	375.0180027
385	375.0024496
386	374.9846301
387	374.9681007
388	374.955774
389	374.946537
390	374.9372699
391	374.9319845
392	374.9275074
393	374.9272744
394	374.9347872
395	374.9485455
396	374.9673761
397	374.9893589
398	375.0166848
399	375.0452478
400	375.0732196
401	375.096865
402	375.1190028
403	375.1375133
404	375.1516578
405	375.1607698
406	375.1640352
407	375.1632813
408	375.1548492
409	375.1427245
410	375.1309847
411	375.119343
412	375.1063226
413	375.0936434
414	375.07877
415	375.066216
416	375.0578139
417	375.0512955
418	375.0509818
419	375.0542545
420	375.0616466
421	375.0731631
422	375.0896058
423	375.1069378
424	375.125625
425	375.1426583
426	375.1593873
427	375.1754342
428	375.1905584
429	375.2061449
430	375.2179276
431	375.2267442
432	375.2336851
433	375.2398956
434	375.2460442
435	375.2500866
436	375.2519865
437	375.2517683
438	375.2485231
439	375.2416849
440	375.234533
441	375.2278214
442	375.2192214
443	375.2090216
444	375.1975988
445	375.1868757
446	375.1761364
447	375.1646455
448	375.152653
449	375.1416192
450	375.1307915
451	375.1206539
452	375.1139475
453	375.1118347
454	375.1126951
455	375.1179113
456	375.1257087
457	375.1391175
458	375.1573287
459	375.1801205
460	375.2048407
461	375.2288901
462	375.2528113
463	375.2729067
464	375.2890836
465	375.2989151
466	375.3037452
467	375.3033819
468	375.2973198
469	375.284183
470	375.268778
471	375.2520023
472	375.2336243
473	375.2171759
474	375.2051806
475	375.1994467
476	375.1984982
477	375.2013255
478	375.2055835
479	375.2121225
480	375.2172358
481	375.2210181
482	375.222978
483	375.2228887
484	375.2184284
485	375.2091248
486	375.1964375
487	375.1778804
488	375.1571018
489	375.132826
490	375.1067058
491	375.0772804
492	375.0462124
493	375.0137046
494	374.9811592
495	374.9480934
496	374.9135548
497	374.8771606
498	374.8424088
499	374.8116603
500	374.7858617
501	374.7670567
502	374.7525479
503	374.7410389
504	374.7327443
505	374.7278368
506	374.728324
507	374.7366317
508	374.7481785
509	374.7637446
510	374.7828847
511	374.8063252
512	374.8321941
513	374.8624036
514	374.8944103
515	374.931031
516	374.9693796
517	375.0091063
518	375.0506799
519	375.0926498
520	375.1313283
521	375.1665666
522	375.1987712
523	375.226824
524	375.2534271
525	375.2768407
526	375.2959125
527	375.310274
528	375.3219879
529	375.3290128
530	375.3347766
531	375.3368706
532	375.3345244
533	375.3310594
534	375.3259186
535	375.3201712
536	375.3157828
537	375.3134939
538	375.3101463
539	375.3071613
540	375.303826
541	375.3014341
542	375.3007104
543	375.299639
544	375.2980797
545	375.295624
546	375.2943678
547	375.292394
548	375.2909899
549	375.2898725
550	375.2906602
551	375.2921721
552	375.2976206
553	375.3035384
554	375.3088622
555	375.314599
556	375.3185338
557	375.3223716
558	375.3246529
559	375.3258389
560	375.3237928
561	375.3210691
562	375.316163
563	375.3097416
564	375.3042239
565	375.2977306
566	375.2929101
567	375.2876067
568	375.2843652
569	375.2820209
570	375.2819116
571	375.2808832
572	375.2790248
573	375.2763968
574	375.2724362
575	375.2672801
576	375.2593167
577	375.2513498
578	375.2428038
579	375.2352766
580	375.2284751
581	375.2231678
582	375.2178609
583	375.2146488
584	375.2133507
585	375.2143006
586	375.2159466
587	375.2181069
588	375.2191485
589	375.2192268
590	375.2175938
591	375.216713
592	375.2173263
593	375.2178894
594	375.2181641
595	375.2181847
596	375.2176635
597	375.2159696
598	375.213949
599	375.2119475
600	375.2091392
601	375.205608
602	375.1991393
603	375.1913948
604	375.1807721
605	375.1665543
606	375.1522189
607	375.138543
608	375.1263881
609	375.1146028
610	375.1037039
611	375.0920061
612	375.0823661
613	375.0743365
614	375.0697087
615	375.0660948
616	375.0635785
617	375.0621075
618	375.0616984
619	375.0620521
620	375.0622985
621	375.0646214
622	375.0687354
623	375.0761611
624	375.0866668
625	375.1012262
626	375.1169325
627	375.1343791
628	375.1514353
629	375.171093
630	375.1918507
631	375.2136047
632	375.2327775
633	375.2485489
634	375.2622648
635	375.2763437
636	375.2915182
637	375.3072871
638	375.323706
639	375.3384989
640	375.3544525
641	375.3680781
642	375.3830489
643	375.3974473
644	375.4107018
645	375.4213556
646	375.4277148
647	375.4289432
648	375.425237
649	375.4195122
650	375.4118843
651	375.4050022
652	375.3974166
653	375.392466
654	375.3890024
655	375.3889356
656	375.394504
657	375.4054149
658	375.4217974
659	375.4395609
660	375.4575309
661	375.4750263
662	375.4939639
663	375.5112051
664	375.5272776
665	375.5385171
666	375.5451254
667	375.5458916
668	375.5399964
669	375.5307669
670	375.518179
671	375.5010954
672	375.4797049
673	375.4537799
674	375.4248133
675	375.3930456
676	375.3604492
677	375.3289475
678	375.3009142
679	375.2733128
680	375.2472516
681	375.2240182
682	375.2032117
683	375.1857076
684	375.1673843
685	375.151453
686	375.1382657
687	375.1280879
688	375.1201453
689	375.1157921
690	375.1142358
691	375.1169011
692	375.1214683
693	375.1291906
694	375.1430014
695	375.1639168
696	375.1877425
697	375.2122606
698	375.2351202
699	375.2559868
700	375.2759698
701	375.2935432
702	375.3101852
703	375.3281721
704	375.3461048
705	375.3606121
706	375.3726074
707	375.3851094
708	375.3982552
709	375.413557
710	375.4269814
711	375.4392089
712	375.4492729
713	375.4529945
714	375.4530537
715	375.4486818
716	375.4407748
717	375.4291342
718	375.416692
719	375.4018003
720	375.387476
721	375.3730008
722	375.3592427
723	375.3487844
724	375.3373569
725	375.3281569
726	375.3216823
727	375.3170736
728	375.3141979
729	375.3123871
730	375.3132868
731	375.3239384
732	375.3204084
733	375.3268
734	375.3342398
735	375.3452602
736	375.3563795
737	375.368517
738	375.3811432
739	375.3973435
740	375.4160857
741	375.4301464
742	375.4625834
743	375.4881301
744	375.5175595
745	375.5471182
746	375.577829
747	375.6072268
748	375.634566
749	375.6548721
750	375.6695187
751	375.6777566
752	375.68157
753	375.6798565
754	375.6725496
755	375.6593532
756	375.6409081
757	375.6183118
758	375.5947088
759	375.5734237
760	375.552437
761	375.5311606
762	375.5097525
763	375.4854188
764	375.4611926
765	375.4353025
766	375.4126909
767	375.3910304
768	375.3682207
769	375.3436129
770	375.3164814
771	375.2870268
772	375.2568116
773	375.2292723
774	375.2042076
775	375.1816713
776	375.1606119
777	375.139646
778	375.1195857
779	375.1011676
780	375.0881016
781	375.0806186
782	375.0776828
783	375.0772414
784	375.0787577
785	375.0828519
786	375.0889838
787	375.0981905
788	375.1114711
789	375.1266638
790	375.1437077
791	375.162131
792	375.1824186
793	375.2050817
794	375.2289951
795	375.2533696
796	375.2770177
797	375.3026164
798	375.3272304
799	375.3517081
800	375.3748431
801	375.3959449
802	375.4148332
803	375.4336224
804	375.4553485
805	375.4804431
806	375.505667
807	375.5281816
808	375.5479184
809	375.5655389
810	375.5803287
811	375.5941613
812	375.6070799
813	375.6179623
814	375.6251018
815	375.6289885
816	375.6337657
817	375.640198
818	375.6497053
819	375.6598716
820	375.6722295
821	375.6847644
822	375.6972349
823	375.7092011
824	375.7189188
825	375.7271096
826	375.7307119
827	375.7295801
828	375.7236099
829	375.7149577
830	375.7013262
831	375.6847149
832	375.666301
833	375.646159
834	375.6259212
835	375.616508
836	375.6007022
837	375.5857618
838	375.5723994
839	375.559608
840	375.5476987
841	375.5391648
842	375.531251
843	375.5263079
844	375.5225559
845	375.5077312
846	375.4994955
847	375.4933862
848	375.4893027
849	375.4882852
850	375.4897485
851	375.491269
852	375.4930861
853	375.4913795
854	375.49073
855	375.4909339
856	375.4934662
857	375.4970716
858	375.5007646
859	375.5044722
860	375.5103864
861	375.5169846
862	375.5254833
863	375.5381985
864	375.5520015
865	375.5677403
866	375.583793
867	375.6014247
868	375.619397
869	375.6366764
870	375.6525747
871	375.6687411
872	375.6839614
873	375.6967345
874	375.7056365
875	375.7108907
876	375.7149237
877	375.7157668
878	375.7139767
879	375.709863
880	375.7046926
881	375.697995
882	375.6913413
883	375.684644
884	375.6795979
885	375.6755563
886	375.671165
887	375.6681836
888	375.6656718
889	375.6634164
890	375.6608379
891	375.6582099
892	375.6547075
893	375.6496741
894	375.6422443
895	375.6333728
896	375.6236375
897	375.6112737
898	375.5982791
899	375.5847581
900	375.5696242
901	375.5528626
902	375.5333599
903	375.5143098
904	375.4949795
905	375.475516
906	375.4560049
907	375.4365565
908	375.4164811
909	375.3984199
910	375.3809173
911	375.3649303
912	375.3502719
913	375.3368196
914	375.3243683
915	375.3145707
916	375.3047248
917	375.2979652
918	375.2936146
919	375.2882243
920	375.2849715
921	375.2821289
922	375.2819584
923	375.283367
924	375.285157
925	375.2862216
926	375.2880229
927	375.2876607
928	375.2870183
929	375.2862037
930	375.286063
931	375.2851923
932	375.2826484
933	375.27898
934	375.2766237
935	375.2746282
936	375.2747447
937	375.2764028
938	375.2772204
939	375.2784521
940	375.2786846
941	375.2784488
942	375.2781106
943	375.2771029
944	375.2739409
945	375.2705424
946	375.2646502
947	375.2600051
948	375.2591628
949	375.2600417
950	375.2632748
951	375.2707125
952	375.2819362
953	375.2962675
954	375.3144221
955	375.3346197
956	375.3583581
957	375.3842279
958	375.4085061
959	375.4334043
960	375.4563048
961	375.4772895
962	375.4965579
963	375.5141086
964	375.5290034
965	375.5398356
966	375.5479937
967	375.5525468
968	375.5553614
969	375.5560122
970	375.5549842
971	375.5517988
972	375.5447021
973	375.5354347
974	375.5250003
975	375.5143777
976	375.5024299
977	375.4899324
978	375.4793762
979	375.4708553
980	375.4647156
981	375.4615134
982	375.4607098
983	375.4609215
984	375.4638997
985	375.4692415
986	375.4769361
987	375.4834339
988	375.4872943
989	375.4898104
990	375.4903929
991	375.4889519
992	375.4869715
993	375.4824638
994	375.4745546
995	375.4651232
996	375.4541453
997	375.4450031
998	375.4349213
999	375.4223341
1000	375.4088044
1001	375.3943173
1002	375.379563
1003	375.3675781
1004	375.3551468
1005	375.3404052
1006	375.3218246
1007	375.2998032
1008	375.2782601
1009	375.2565098
1010	375.2377305
1011	375.2210883
1012	375.2075692
1013	375.1937931
1014	375.1856096
1015	375.1837465
1016	375.1870402
1017	375.1943992
1018	375.2055895
1019	375.2227191
1020	375.2424503
1021	375.2625094
1022	375.2808124
1023	375.299847
1024	375.3159564
1025	375.3286793
1026	375.340323
1027	375.3503093
1028	375.358722
1029	375.3624204
1030	375.3609168
1031	375.3568086
1032	375.3519259
1033	375.348135
1034	375.347137
1035	375.349675
1036	375.3560137
1037	375.3682624
1038	375.3848112
1039	375.4049529
1040	375.429062
1041	375.4558974
1042	375.4854384
1043	375.5157703
1044	375.5430098
1045	375.5666685
1046	375.5854291
1047	375.5951738
1048	375.5977509
1049	375.5969338
1050	375.5895939
1051	375.5786711
1052	375.5646722
1053	375.5474891
1054	375.530522
1055	375.5138054
1056	375.4989079
1057	375.4873872
1058	375.479166
1059	375.4733643
1060	375.4711719
1061	375.471085
1062	375.471235
1063	375.4717836
1064	375.4705868
1065	375.4697707
1066	375.4694742
1067	375.4700169
1068	375.4682222
1069	375.4652791
1070	375.4614082
1071	375.4572451
1072	375.4543356
1073	375.4526472
1074	375.4531705
1075	375.4553911
1076	375.4575269
1077	375.460752
1078	375.4667449
1079	375.4723115
1080	375.479813
1081	375.487681
1082	375.4971682
1083	375.5071294
1084	375.5173642
1085	375.5266987
1086	375.5339893
1087	375.5392859
1088	375.5438166
1089	375.5499837
1090	375.5562451
1091	375.5618859
1092	375.5654192
1093	375.5657725
1094	375.564063
1095	375.5580772
1096	375.5490627
1097	375.5367459
1098	375.5202319
1099	375.5003404
1100	375.4779365
1101	375.4540499
1102	375.4279716
1103	375.4022532
1104	375.375269
1105	375.3507442
1106	375.3288476
1107	375.3101521
1108	375.2943858
1109	375.2821981
1110	375.2727132
1111	375.2664506
1112	375.2634245
1113	375.2622653
1114	375.2644998
1115	375.2686682
1116	375.2754788
1117	375.2834722
1118	375.2936916
1119	375.3035305
1120	375.3131496
1121	375.3238849
1122	375.3354372
1123	375.3485941
1124	375.362466
1125	375.3762849
1126	375.3890014
1127	375.4042012
1128	375.418466
1129	375.4310746
1130	375.4414094
1131	375.448705
1132	375.4516717
1133	375.4519395
1134	375.4494439
1135	375.4448671
1136	375.4378201
1137	375.4239618
1138	375.4066412
1139	375.3875655
1140	375.3662584
1141	375.3420373
1142	375.3155424
1143	375.2876642
1144	375.2583663
1145	375.2286958
1146	375.1993088
1147	375.1716233
1148	375.1450134
1149	375.1193153
1150	375.0971323
1151	375.0781276
1152	375.0647564
1153	375.0545343
1154	375.0490739
1155	375.0449762
1156	375.0431966
1157	375.0421578
1158	375.0434425
1159	375.0479151
1160	375.0550425
1161	375.0655035
1162	375.0771793
1163	375.0905074
1164	375.1036231
1165	375.1179031
1166	375.1342915
1167	375.1513299
1168	375.16856
1169	375.1848638
1170	375.1990231
1171	375.2113143
1172	375.2201268
1173	375.2250513
1174	375.2258273
1175	375.2234391
1176	375.2166275
1177	375.2080882
1178	375.1964345
1179	375.1846603
1180	375.1734796
1181	375.1626262
1182	375.1518218
1183	375.1427145
1184	375.1367122
1185	375.1335775
1186	375.1314868
1187	375.1297672
1188	375.1283441
1189	375.1241964
1190	375.1185758
1191	375.1120757
1192	375.1072996
1193	375.1017002
1194	375.0943706
1195	375.0871415
1196	375.0823606
1197	375.0813927
1198	375.0828292
1199	375.0877516
1200	375.0918258
1201	375.0958638
1202	375.0999891
1203	375.1046659
1204	375.1088718
1205	375.1112565
1206	375.1117009
1207	375.1084299
1208	375.1043715
1209	375.0991989
1210	375.095571
1211	375.0911927
1212	375.0844767
1213	375.0770572
1214	375.0703635
1215	375.064474
1216	375.0589967
1217	375.0567134
1218	375.0557842
1219	375.0568444
1220	375.0601059
1221	375.0637975
1222	375.0690387
1223	375.074359
1224	375.0811967
1225	375.0896104
1226	375.0996434
1227	375.1114177
1228	375.1252069
1229	375.14008
1230	375.1549729
1231	375.1726301
1232	375.1928702
1233	375.2173797
1234	375.2427023
1235	375.2702649
1236	375.2979651
1237	375.3237595
1238	375.3479988
1239	375.3724264
1240	375.3968454
1241	375.4227955
1242	375.4492318
1243	375.4726471
1244	375.4953901
1245	375.5136459
1246	375.529625
1247	375.5442151
1248	375.558189
1249	375.5676074
1250	375.5730286
1251	375.5716578
1252	375.5650041
1253	375.5547782
1254	375.5406078
1255	375.5267171
1256	375.5139198
1257	375.5015469
1258	375.4883448
1259	375.4754019
1260	375.4635629
1261	375.4524276
1262	375.4410367
1263	375.430758
1264	375.4220258
1265	375.4141595
1266	375.4087605
1267	375.4023388
1268	375.3938154
1269	375.3840384
1270	375.3716896
1271	375.3592615
1272	375.3480649
1273	375.3350183
1274	375.323538
1275	375.3120998
1276	375.2979388
1277	375.2831319
1278	375.2708398
1279	375.2599006
1280	375.252392
1281	375.2462633
1282	375.240134
1283	375.237166
1284	375.2331591
1285	375.2282374
1286	375.2237516
1287	375.2207675
1288	375.2178953
1289	375.217296
1290	375.2158872
1291	375.2157512
1292	375.2180153
1293	375.2213934
1294	375.2262269
1295	375.232831
1296	375.2406145
1297	375.2490556
1298	375.2578027
1299	375.2664742
1300	375.2785047
1301	375.292466
1302	375.3072944
1303	375.3236685
1304	375.3403401
1305	375.3580805
1306	375.3754242
1307	375.3920669
1308	375.4074834
1309	375.4208678
1310	375.4307806
1311	375.4387576
1312	375.4461964
1313	375.4535351
1314	375.4629586
1315	375.4717171
1316	375.480585
1317	375.4891122
1318	375.4994963
1319	375.512338
1320	375.5270494
1321	375.5406006
1322	375.5518278
1323	375.5597639
1324	375.5622187
1325	375.560478
1326	375.5566879
1327	375.5510551
1328	375.5435202
1329	375.534249
1330	375.5226044
1331	375.5105573
1332	375.4982674
1333	375.4846899
1334	375.4723545
1335	375.4615877
1336	375.4484978
1337	375.4358581
1338	375.421863
1339	375.406654
1340	375.3906252
1341	375.3743135
1342	375.358954
1343	375.3453755
1344	375.3323216
1345	375.3203778
1346	375.3104603
1347	375.3009144
1348	375.2916426
1349	375.2823886
1350	375.2740026
1351	375.2677512
1352	375.2632502
1353	375.2597491
1354	375.2577985
1355	375.2573298
1356	375.2571463
1357	375.2590678
1358	375.2624066
1359	375.267791
1360	375.2757956
1361	375.2851359
1362	375.2943604
1363	375.3047302
1364	375.3153395
1365	375.3259444
1366	375.3393743
1367	375.352231
1368	375.3665806
1369	375.3816619
1370	375.3957746
1371	375.4076442
1372	375.4184017
1373	375.4273039
1374	375.4339409
1375	375.4376867
1376	375.4364632
1377	375.4348827
1378	375.4310848
1379	375.4238511
1380	375.4153517
1381	375.4066397
1382	375.3968654
1383	375.387057
1384	375.3784479
1385	375.3699628
1386	375.3647154
1387	375.3604724
1388	375.3588747
1389	375.3590685
1390	375.3584278
1391	375.3579773
1392	375.3599178
1393	375.3641353
1394	375.3692295
1395	375.3760883
1396	375.3821176
1397	375.3869071
1398	375.3873142
1399	375.385545
1400	375.3826202
1401	375.3779034
1402	375.3714524
1403	375.3604145
1404	375.3469527
1405	375.3324039
1406	375.3157012
1407	375.2959899
1408	375.278736
1409	375.2646231
1410	375.2549453
1411	375.2486206
1412	375.2435859
1413	375.2420695
1414	375.2434049
1415	375.2460737
1416	375.2516619
1417	375.2605819
1418	375.2693555
1419	375.2767236
1420	375.283674
1421	375.290176
1422	375.2969986
1423	375.3016305
1424	375.3025141
1425	375.3019568
1426	375.3005234
1427	375.2985311
1428	375.2963877
1429	375.294877
1430	375.2908067
1431	375.2846785
1432	375.2779434
1433	375.2737233
1434	375.2722053
1435	375.269693
1436	375.2652662
1437	375.2619079
1438	375.2583561
1439	375.2565297
1440	375.2562088
1441	375.2590429
1442	375.2648751
1443	375.2730527
1444	375.2836598
1445	375.2973127
1446	375.3150072
1447	375.3333229
1448	375.3542779
1449	375.3744133
1450	375.3952286
1451	375.4139597
1452	375.4279826
1453	375.4393269
1454	375.4464975
1455	375.4529631
1456	375.457555
1457	375.4593196
1458	375.4583571
1459	375.4537085
1460	375.4447902
1461	375.433527
1462	375.4206586
1463	375.4035734
1464	375.3850508
1465	375.3648774
1466	375.3436625
1467	375.3252477
1468	375.308967
1469	375.2934556
1470	375.2809634
1471	375.2696828
1472	375.2581317
1473	375.2487276
1474	375.2418658
1475	375.2364796
1476	375.2320224
1477	375.2268396
1478	375.2225637
1479	375.2226124
1480	375.2250782
1481	375.2307998
1482	375.2428158
1483	375.2588468
1484	375.2765654
1485	375.2958952
1486	375.316482
1487	375.3368786
1488	375.3559448
1489	375.3746843
1490	375.3916302
1491	375.4061385
1492	375.41684
1493	375.4244331
1494	375.4299259
1495	375.4335727
1496	375.4363135
1497	375.4384831
1498	375.4389673
1499	375.4391187
1500	375.4415946
1501	375.445306
1502	375.4521531
1503	375.4612738
1504	375.473466
1505	375.4859513
1506	375.4989568
1507	375.5117831
1508	375.5251807
1509	375.5367556
1510	375.5463077
1511	375.5550082
1512	375.5614219
1513	375.570391
1514	375.5804648
1515	375.5910494
1516	375.6037098
1517	375.6173206
1518	375.6335562
1519	375.6514407
1520	375.6707268
1521	375.6904233
1522	375.7111087
1523	375.7273629
1524	375.7390013
1525	375.750021
1526	375.7577882
1527	375.7632134
1528	375.7651193
1529	375.7642392
1530	375.7585443
1531	375.7500256
1532	375.7387297
1533	375.7252868
1534	375.7118696
1535	375.6967745
1536	375.6811031
1537	375.6684284
1538	375.6572861
1539	375.6468882
1540	375.6393867
1541	375.6329819
1542	375.6291303
1543	375.6266997
1544	375.6256265
1545	375.625799
1546	375.6258642
1547	375.6235771
1548	375.6197869
1549	375.6156391
1550	375.6099043
1551	375.6053229
1552	375.5982495
1553	375.5918406
1554	375.583424
1555	375.5725318
1556	375.560211
1557	375.5476368
1558	375.5338468
1559	375.5193402
1560	375.5043444
1561	375.4864788
1562	375.4686171
1563	375.4508582
1564	375.4355694
1565	375.423527
1566	375.4141174
1567	375.4062666
1568	375.4008835
1569	375.3968824
1570	375.3947825
1571	375.3936021
1572	375.3914783
1573	375.388245
1574	375.3855626
1575	375.3848016
1576	375.3848401
1577	375.3852719
1578	375.3901244
1579	375.3996913
1580	375.41292
1581	375.4313854
1582	375.4547898
1583	375.4812985
1584	375.5084841
1585	375.5330786
1586	375.5564226
1587	375.578791
1588	375.5962814
1589	375.6091236
1590	375.6173291
1591	375.6188379
1592	375.612917
1593	375.6021238
1594	375.5867495
1595	375.5700055
1596	375.5531814
1597	375.5357776
1598	375.5185416
1599	375.502258
1600	375.4872567
1601	375.4759892
1602	375.4701834
1603	375.4676092
1604	375.4662001
1605	375.4654773
1606	375.4638473
1607	375.4619331
1608	375.4585109
1609	375.4512545
1610	375.4396089
1611	375.4235609
1612	375.4010763
1613	375.3758329
1614	375.3498374
1615	375.3220824
1616	375.2944143
1617	375.267634
1618	375.2412806
1619	375.2170136
1620	375.1992132
1621	375.1856146
1622	375.1775325
1623	375.1715994
1624	375.1685268
1625	375.1665199
1626	375.1650382
1627	375.1630939
1628	375.1619664
1629	375.1617511
1630	375.1599402
1631	375.1601794
1632	375.1608202
1633	375.1596261
1634	375.1554576
1635	375.151472
1636	375.1483063
1637	375.1465911
1638	375.1452782
1639	375.1440936
1640	375.1436482
1641	375.1394916
1642	375.134785
1643	375.1307073
1644	375.1270384
1645	375.1230931
1646	375.1197203
1647	375.1163141
1648	375.1148467
1649	375.1147586
1650	375.1144587
1651	375.1163927
1652	375.1213488
1653	375.1301681
1654	375.1425629
1655	375.1558576
1656	375.169627
1657	375.1847356
1658	375.1969544
1659	375.2066882
1660	375.213331
1661	375.2195601
1662	375.2236815
1663	375.2250178
1664	375.2238494
1665	375.2244931
1666	375.2260209
1667	375.2264034
1668	375.2287747
1669	375.232089
1670	375.237139
1671	375.2396838
1672	375.2400713
1673	375.2408327
1674	375.2399077
1675	375.2340729
1676	375.2243707
1677	375.2116831
1678	375.1948893
1679	375.1771491
1680	375.1569909
1681	375.1367932
1682	375.1164023
1683	375.0959577
1684	375.0770595
1685	375.0631682
1686	375.0515886
1687	375.0444723
1688	375.0423132
1689	375.0432983
1690	375.0495988
1691	375.0586642
1692	375.0706879
1693	375.0847286
1694	375.101498
1695	375.1184473
1696	375.1369806
1697	375.1537303
1698	375.1679101
1699	375.1801472
1700	375.1911013
1701	375.2023489
1702	375.2130324
1703	375.2231894
1704	375.2323375
1705	375.2414446
1706	375.2482915
1707	375.2532001
1708	375.2587342
1709	375.2645946
1710	375.2692239
1711	375.2729793
1712	375.2768641
1713	375.2805301
1714	375.2835674
1715	375.2864083
1716	375.2895957
1717	375.2940236
1718	375.2973316
1719	375.3003919
1720	375.3016727
1721	375.3056848
1722	375.3082681
1723	375.3119552
1724	375.3154681
1725	375.3198873
1726	375.3257503
1727	375.3318023
1728	375.3391289
1729	375.3441609
1730	375.3499575
1731	375.3529594
1732	375.3563855
1733	375.3555325
1734	375.3536107
1735	375.3473536
1736	375.3367615
1737	375.3260086
1738	375.3146507
1739	375.3045331
1740	375.2935571
1741	375.2818906
1742	375.2691023
1743	375.2545192
1744	375.239393
1745	375.2264521
1746	375.2158069
1747	375.2052611
1748	375.196888
1749	375.1897633
1750	375.1834605
1751	375.1794899
1752	375.1782168
1753	375.1823858
1754	375.1893813
1755	375.1962708
1756	375.2051196
1757	375.2154709
1758	375.2232906
1759	375.2304529
1760	375.2399226
1761	375.2478723
1762	375.2560277
1763	375.2635693
1764	375.2688381
1765	375.2746258
1766	375.2781644
1767	375.2796176
1768	375.2822473
1769	375.2833725
1770	375.2829358
1771	375.2825705
1772	375.2809242
1773	375.2777163
1774	375.2771107
1775	375.2750922
1776	375.2740446
1777	375.2739577
1778	375.2732456
1779	375.2733681
1780	375.2731658
1781	375.2736526
1782	375.2732433
1783	375.2732292
1784	375.2729594
1785	375.2756678
1786	375.2779324
1787	375.2826354
1788	375.2891585
1789	375.295742
1790	375.2990134
1791	375.2818473
1792	375.1034407
1793	374.703321
1794	374.1765289
1795	373.6465943
1796	373.1168757
1797	372.5844917
