#1
double position(3601,2)  # Flow variation
0	-0.585818223
1	-0.585598786
2	-0.585563979
3	-0.585619973
4	-0.586225315
5	-0.586263149
6	-0.586125434
7	-0.586484099
8	-0.586515879
9	-0.586803417
10	-0.586733802
11	-0.586671755
12	-0.586384217
13	-0.586173861
14	-0.585983178
15	-0.585881784
16	-0.585968045
17	-0.585689587
18	-0.585515552
19	-0.58514932
20	-0.585073652
21	-0.585019171
22	-0.58516294
23	-0.585521605
24	-0.58541113
25	-0.585790982
26	-0.585612406
27	-0.586211695
28	-0.586458372
29	-0.586635434
30	-0.58684125
31	-0.587001666
32	-0.58705766
33	-0.586978966
34	-0.58705766
35	-0.586891191
36	-0.587050093
37	-0.586714129
38	-0.586444751
39	-0.586152674
40	-0.586055819
41	-0.586285849
42	-0.586297956
43	-0.585830329
44	-0.585934751
45	-0.585715314
46	-0.585141753
47	-0.58471196
48	-0.584870863
49	-0.584636293
50	-0.584560625
51	-0.584362375
52	-0.584244334
53	-0.584398696
54	-0.58422466
55	-0.584189853
56	-0.584208013
57	-0.58446831
58	-0.584298814
59	-0.584778548
60	-0.585291575
61	-0.585461071
62	-0.585615433
63	-0.585686561
64	-0.585506472
65	-0.58541567
66	-0.586010419
67	-0.586075493
68	-0.586287363
69	-0.586325196
70	-0.585836383
71	-0.585651754
72	-0.585376323
73	-0.585520092
74	-0.586158727
75	-0.58636757
76	-0.586090626
77	-0.585886324
78	-0.585798549
79	-0.58566386
80	-0.585989232
81	-0.586269202
82	-0.586496206
83	-0.586794336
84	-0.586328223
85	-0.586214722
86	-0.58612846
87	-0.586623327
88	-0.586375137
89	-0.586305523
90	-0.585672941
91	-0.58537935
92	-0.585541279
93	-0.585332436
94	-0.585479231
95	-0.585745582
96	-0.58590297
97	-0.585623
98	-0.586067926
99	-0.586531013
100	-0.587154515
101	-0.587383031
102	-0.587827958
103	-0.58775229
104	-0.587958106
105	-0.58801864
106	-0.58820327
107	-0.588188136
108	-0.588324338
109	-0.587947513
110	-0.587870332
111	-0.587529827
112	-0.587003179
113	-0.586963832
114	-0.586627867
115	-0.586297956
116	-0.586161754
117	-0.586122407
118	-0.585666887
119	-0.585389943
120	-0.585226501
121	-0.585442911
122	-0.585320329
123	-0.585191694
124	-0.585159913
125	-0.585081219
126	-0.585017658
127	-0.585084246
128	-0.585377836
129	-0.585734988
130	-0.585662347
131	-0.585482258
132	-0.585306709
133	-0.585423237
134	-0.585350596
135	-0.585480744
136	-0.585432317
137	-0.585836383
138	-0.585933238
139	-0.586423565
140	-0.586762556
141	-0.587009233
142	-0.587268016
143	-0.587561607
144	-0.587888492
145	-0.588035287
146	-0.588291044
147	-0.587597928
148	-0.587174188
149	-0.586596087
150	-0.586487125
151	-0.586291903
152	-0.586281309
153	-0.586154187
154	-0.586016472
155	-0.585712288
156	-0.585550359
157	-0.585806116
158	-0.585928698
159	-0.58607398
160	-0.585968045
161	-0.586235909
162	-0.586379677
163	-0.586146621
164	-0.586069439
165	-0.586260122
166	-0.586447778
167	-0.586481072
168	-0.586403891
169	-0.586636948
170	-0.586726235
171	-0.586691428
172	-0.586577927
173	-0.586762556
174	-0.587069767
175	-0.587142408
176	-0.586959292
177	-0.586711102
178	-0.58706674
179	-0.586897245
180	-0.586797363
181	-0.58654312
182	-0.58609668
183	-0.585715314
184	-0.585364216
185	-0.58517202
186	-0.585240121
187	-0.585624513
188	-0.585311249
189	-0.585114513
190	-0.585114513
191	-0.585358163
192	-0.585818223
193	-0.58607398
194	-0.586520419
195	-0.586496206
196	-0.586394811
197	-0.586261636
198	-0.586443238
199	-0.586617274
200	-0.586668728
201	-0.586526473
202	-0.586449292
203	-0.58655674
204	-0.586329737
205	-0.586471992
206	-0.586514366
207	-0.586630894
208	-0.586709589
209	-0.586641488
210	-0.586853357
211	-0.586895731
212	-0.587010746
213	-0.58683671
214	-0.586762556
215	-0.586838224
216	-0.587072794
217	-0.586830657
218	-0.586870004
219	-0.587050093
220	-0.586764069
221	-0.58681401
222	-0.587145435
223	-0.587248343
224	-0.587425405
225	-0.587718996
226	-0.587637275
227	-0.587971726
228	-0.588168463
229	-0.588101875
230	-0.588274397
231	-0.588393952
232	-0.588053448
233	-0.588340985
234	-0.588180569
235	-0.588141222
236	-0.587788611
237	-0.587454159
238	-0.587157542
239	-0.587047067
240	-0.587130301
241	-0.586909351
242	-0.586862437
243	-0.586243475
244	-0.586580953
245	-0.586350923
246	-0.586532526
247	-0.586465938
248	-0.586609707
249	-0.586647541
250	-0.586673268
251	-0.586922972
252	-0.586939618
253	-0.587284663
254	-0.587103061
255	-0.587380005
256	-0.5875041
257	-0.587846118
258	-0.587835525
259	-0.587762883
260	-0.587626682
261	-0.58725591
262	-0.58731493
263	-0.587299797
264	-0.587401192
265	-0.586948699
266	-0.586959292
267	-0.586798877
268	-0.586873031
269	-0.587180242
270	-0.587266503
271	-0.587600955
272	-0.5875268
273	-0.587622142
274	-0.587767424
275	-0.587926326
276	-0.587585821
277	-0.58749956
278	-0.587479886
279	-0.587121221
280	-0.587045553
281	-0.586956265
282	-0.587199916
283	-0.58731039
284	-0.586617274
285	-0.586882111
286	-0.587402705
287	-0.587484426
288	-0.587195375
289	-0.587376978
290	-0.587781044
291	-0.587271043
292	-0.587165108
293	-0.587154515
294	-0.587529827
295	-0.587640302
296	-0.587962646
297	-0.588357632
298	-0.588557395
299	-0.588711757
300	-0.588654249
301	-0.58919149
302	-0.589218731
303	-0.589256565
304	-0.589342826
305	-0.58939428
306	-0.58895238
307	-0.588732944
308	-0.588959947
309	-0.588910006
310	-0.588337958
311	-0.588188136
312	-0.587949026
313	-0.587800717
314	-0.587776504
315	-0.587281637
316	-0.587258936
317	-0.587213536
318	-0.586907838
319	-0.586989559
320	-0.587610035
321	-0.587855198
322	-0.587983833
323	-0.588210837
324	-0.588130629
325	-0.58846508
326	-0.588348552
327	-0.588124575
328	-0.588262291
329	-0.587927839
330	-0.587794664
331	-0.587758343
332	-0.587567661
333	-0.587343684
334	-0.58728315
335	-0.58705766
336	-0.587124248
337	-0.587228669
338	-0.587289203
339	-0.58754496
340	-0.587496533
341	-0.587376978
342	-0.587127274
343	-0.586879084
344	-0.586776176
345	-0.586568847
346	-0.586173861
347	-0.586152674
348	-0.585827303
349	-0.58564116
350	-0.585754662
351	-0.585830329
352	-0.586040686
353	-0.586207155
354	-0.586381191
355	-0.586605167
356	-0.58659306
357	-0.586673268
358	-0.586729262
359	-0.586661161
360	-0.586440211
361	-0.586279796
362	-0.586629381
363	-0.586876058
364	-0.58725137
365	-0.587263476
366	-0.587284663
367	-0.587248343
368	-0.587560094
369	-0.587897572
370	-0.587826444
371	-0.587800717
372	-0.587870332
373	-0.587731103
374	-0.58728315
375	-0.586957779
376	-0.587381518
377	-0.587408758
378	-0.587015286
379	-0.586665701
380	-0.586888164
381	-0.586989559
382	-0.58678677
383	-0.586992586
384	-0.587119708
385	-0.587222616
386	-0.587245316
387	-0.587295257
388	-0.587588848
389	-0.587824931
390	-0.587616088
391	-0.587569174
392	-0.587787097
393	-0.587678136
394	-0.587703863
395	-0.587622142
396	-0.587658462
397	-0.587538907
398	-0.587611548
399	-0.587426919
400	-0.587207482
401	-0.586894218
402	-0.586879084
403	-0.586653594
404	-0.586873031
405	-0.587245316
406	-0.587266503
407	-0.587437512
408	-0.58751318
409	-0.587903625
410	-0.588331905
411	-0.588639116
412	-0.588829799
413	-0.589147603
414	-0.589014428
415	-0.588766238
416	-0.588835852
417	-0.589194517
418	-0.589130956
419	-0.589261105
420	-0.58891152
421	-0.589003834
422	-0.588415139
423	-0.588003507
424	-0.588163923
425	-0.588510481
426	-0.588269857
427	-0.58797324
428	-0.588113982
429	-0.587812824
430	-0.588035287
431	-0.588153329
432	-0.588171489
433	-0.58867241
434	-0.588418166
435	-0.588065554
436	-0.588262291
437	-0.587912706
438	-0.587502586
439	-0.587352764
440	-0.587115168
441	-0.587045553
442	-0.587124248
443	-0.586609707
444	-0.5865522
445	-0.586456858
446	-0.58633125
447	-0.586441725
448	-0.586399351
449	-0.585925671
450	-0.585725908
451	-0.585719855
452	-0.585784929
453	-0.585704721
454	-0.585486798
455	-0.585586679
456	-0.585837896
457	-0.585678994
458	-0.585594246
459	-0.585766769
460	-0.585712288
461	-0.585356649
462	-0.585253741
463	-0.585473178
464	-0.585651754
465	-0.585730448
466	-0.585403563
467	-0.585321842
468	-0.585527658
469	-0.585792496
470	-0.586347897
471	-0.586665701
472	-0.586919945
473	-0.586742882
474	-0.586965346
475	-0.587097007
476	-0.587160568
477	-0.587587334
478	-0.587469293
479	-0.587451132
480	-0.587204456
481	-0.587224129
482	-0.587258936
483	-0.587794664
484	-0.587501073
485	-0.587395138
486	-0.587410272
487	-0.587402705
488	-0.587551014
489	-0.587705376
490	-0.587899085
491	-0.587735643
492	-0.587501073
493	-0.587019826
494	-0.587212022
495	-0.587151488
496	-0.586853357
497	-0.586720182
498	-0.586709589
499	-0.586644514
500	-0.586288876
501	-0.586243475
502	-0.586291903
503	-0.586329737
504	-0.585601813
505	-0.585588193
506	-0.585795522
507	-0.58563662
508	-0.585712288
509	-0.585790982
510	-0.585946858
511	-0.586248015
512	-0.586175374
513	-0.58636303
514	-0.586842764
515	-0.586650568
516	-0.586643001
517	-0.586742882
518	-0.586582467
519	-0.586526473
520	-0.58702134
521	-0.586873031
522	-0.586727749
523	-0.586829144
524	-0.587063714
525	-0.587103061
526	-0.587081874
527	-0.587181755
528	-0.58731039
529	-0.587195375
530	-0.586738342
531	-0.586780716
532	-0.587089441
533	-0.587022853
534	-0.586963832
535	-0.587174188
536	-0.587605495
537	-0.587838551
538	-0.588051934
539	-0.588042854
540	-0.588407573
541	-0.588127602
542	-0.588038314
543	-0.587676622
544	-0.587354278
545	-0.587432972
546	-0.58704858
547	-0.58684125
548	-0.586848817
549	-0.586886651
550	-0.586689915
551	-0.586692942
552	-0.586639974
553	-0.586853357
554	-0.587107601
555	-0.586730776
556	-0.586842764
557	-0.587028906
558	-0.586629381
559	-0.586487125
560	-0.586290389
561	-0.58655674
562	-0.586555226
563	-0.586328223
564	-0.58632671
565	-0.586639974
566	-0.586546146
567	-0.586456858
568	-0.586582467
569	-0.586863951
570	-0.587366385
571	-0.587632735
572	-0.587640302
573	-0.588038314
574	-0.587956593
575	-0.588080688
576	-0.588315258
577	-0.588393952
578	-0.588563448
579	-0.588519561
580	-0.588357632
581	-0.588132142
582	-0.588390926
583	-0.588557395
584	-0.588530154
585	-0.588705704
586	-0.588403033
587	-0.588381846
588	-0.588462053
589	-0.588564962
590	-0.588569502
591	-0.588201756
592	-0.588354605
593	-0.588091281
594	-0.588400006
595	-0.588306178
596	-0.58822143
597	-0.588227483
598	-0.588048908
599	-0.587773477
600	-0.587563121
601	-0.588101875
602	-0.588003507
603	-0.588061014
604	-0.587832498
605	-0.587697809
606	-0.587753803
607	-0.587802231
608	-0.587856711
609	-0.587912706
610	-0.587965673
611	-0.587735643
612	-0.587558581
613	-0.587404218
614	-0.587582794
615	-0.587439026
616	-0.587458699
617	-0.587417839
618	-0.587146948
619	-0.587234723
620	-0.587068254
621	-0.586907838
622	-0.587171162
623	-0.587019826
624	-0.587001666
625	-0.587178729
626	-0.587349738
627	-0.587128788
628	-0.587392112
629	-0.587498046
630	-0.587572201
631	-0.587390598
632	-0.587068254
633	-0.58707582
634	-0.586963832
635	-0.58682763
636	-0.586756503
637	-0.586957779
638	-0.586965346
639	-0.586692942
640	-0.58680947
641	-0.58729223
642	-0.587398165
643	-0.587882439
644	-0.588174516
645	-0.588623982
646	-0.588885793
647	-0.589248998
648	-0.589465408
649	-0.589743865
650	-0.589774132
651	-0.589860393
652	-0.590184251
653	-0.59007983
654	-0.589880067
655	-0.589472974
656	-0.589442707
657	-0.589133983
658	-0.588536208
659	-0.588021667
660	-0.587861252
661	-0.58752226
662	-0.587316444
663	-0.587009233
664	-0.586966859
665	-0.586830657
666	-0.586334277
667	-0.58611484
668	-0.586281309
669	-0.58660668
670	-0.586761043
671	-0.586665701
672	-0.586500746
673	-0.586531013
674	-0.586254069
675	-0.586154187
676	-0.58658398
677	-0.586514366
678	-0.586626354
679	-0.586635434
680	-0.586546146
681	-0.586815523
682	-0.586939618
683	-0.58701226
684	-0.587193862
685	-0.587339144
686	-0.587419352
687	-0.587532854
688	-0.587443566
689	-0.58751772
690	-0.587501073
691	-0.58748594
692	-0.587404218
693	-0.587277097
694	-0.58724683
695	-0.587189322
696	-0.587000153
697	-0.587248343
698	-0.587632735
699	-0.587844605
700	-0.588048908
701	-0.587918759
702	-0.587793151
703	-0.588218403
704	-0.588466593
705	-0.588580095
706	-0.588838879
707	-0.588675436
708	-0.588241104
709	-0.5879914
710	-0.587920272
711	-0.587718996
712	-0.587629708
713	-0.587570687
714	-0.587402705
715	-0.587675109
716	-0.587426919
717	-0.587625168
718	-0.587702349
719	-0.587712943
720	-0.587788611
721	-0.587652409
722	-0.587519233
723	-0.587059174
724	-0.586847304
725	-0.586229855
726	-0.5861103
727	-0.585612406
728	-0.585382376
729	-0.584889023
730	-0.584487984
731	-0.58443199
732	-0.584580298
733	-0.584444096
734	-0.584274601
735	-0.583900802
736	-0.583589051
737	-0.58326368
738	-0.583222819
739	-0.583168338
740	-0.58279908
741	-0.582709792
742	-0.582373827
743	-0.58214077
744	-0.582121097
745	-0.582078723
746	-0.58208629
747	-0.582263352
748	-0.582279999
749	-0.582625044
750	-0.576460187
751	-0.536216781
752	-0.470913734
753	-0.373944013
754	-0.236815634
755	-0.055351877
756	0.173296357
757	0.450029101
758	0.774847454
759	1.147794617
760	1.561735121
761	1.990067629
762	2.441842416
763	2.909985923
764	3.386110863
765	3.864430168
766	4.342341142
767	4.818399907
768	5.29243229
769	5.764304428
770	6.233671001
771	6.695789017
772	7.145496424
773	7.58085021
774	8.002988282
775	8.411761093
776	8.802067948
777	9.166012851
778	9.499230874
779	9.798229743
780	10.0616795
781	10.29130618
782	10.4912275
783	10.66283052
784	10.80362699
785	10.9143205
786	10.99949445
787	11.06690904
788	11.12053422
789	11.1637515
790	11.19844805
791	11.22718583
792	11.25026311
793	11.26859521
794	11.28330708
795	11.29530881
796	11.30464923
797	11.31241233
798	11.31942013
799	11.32527213
800	11.33016233
801	11.33378173
802	11.33663756
803	11.33896194
804	11.34115231
805	11.34262233
806	11.34414215
807	11.3451616
808	11.34557489
809	11.20672128
810	10.79174
811	10.2592642
812	9.663104083
813	9.026311769
814	8.361478642
815	7.673892638
816	6.967550252
817	6.244387892
818	5.506241117
819	4.892376954
820	4.542593199
821	4.299960329
822	4.110690962
823	3.953226122
824	3.815191932
825	3.692163204
826	3.581284515
827	3.480906168
828	3.389483305
829	3.305250666
830	3.231883501
831	3.173764212
832	3.14057015
833	3.142652251
834	3.181118015
835	3.248152891
836	3.337149984
837	3.440842439
838	3.553984695
839	3.673729993
840	3.79415176
841	3.907100306
842	4.016835312
843	4.114790915
844	4.201494725
845	4.282758163
846	4.363880307
847	4.451203217
848	4.54929516
849	4.660188845
850	4.78582976
851	4.927626426
852	5.072121816
853	5.21582806
854	5.355139246
855	5.491047173
856	5.620631065
857	5.745050153
858	5.863357764
859	5.974950481
860	6.079950201
861	6.178823309
862	6.269161372
863	6.34990848
864	6.421854604
865	6.484558259
866	6.551033881
867	6.68733184
868	6.96138911
869	7.378820236
870	7.919710982
871	8.575973294
872	9.34508372
873	10.22651052
874	11.21690616
875	12.314623
876	13.50926486
877	14.73572651
878	15.92629853
879	17.07577445
880	18.20104632
881	19.30900624
882	20.40014246
883	21.47525887
884	22.54004429
885	23.59306351
886	24.63539418
887	25.66325925
888	26.67941053
889	27.68206187
890	28.67336277
891	29.66084011
892	30.65277882
893	31.65047667
894	32.65361365
895	33.66482934
896	34.6832889
897	35.70984024
898	36.74309381
899	37.78490637
900	38.83041467
901	39.86624177
902	40.88070223
903	41.86953113
904	42.8310521
905	43.76534602
906	44.67288439
907	45.55422768
908	46.40766333
909	47.23507768
910	48.04042759
911	48.83108034
912	49.61392501
913	50.39797019
914	51.18899248
915	51.99128403
916	52.80545996
917	53.63250381
918	54.47362172
919	55.32881644
920	56.20156966
921	57.09002008
922	57.99592966
923	58.92213732
924	59.86774027
925	60.83170228
926	61.81262157
927	62.81249617
928	63.83184655
929	64.86904282
930	65.92217004
931	66.99012319
932	68.05509613
933	69.10002647
934	70.1172598
935	71.10226198
936	72.05595739
937	72.97546653
938	73.86272195
939	74.71729303
940	75.53932864
941	76.33242987
942	77.11328337
943	77.89158743
944	78.67643399
945	79.47518416
946	80.28899923
947	81.12123402
948	81.97088243
949	82.8436069
950	83.74046345
951	84.66181187
952	85.60232747
953	86.56197586
954	87.53464709
955	88.51538079
956	89.50377013
957	90.49723925
958	91.48064801
959	92.44946954
960	93.39570975
961	94.29427804
962	95.12856715
963	95.88448332
964	96.55370752
965	97.13231203
966	97.61727496
967	98.00746019
968	98.315935
969	98.54134769
970	98.68990162
971	98.78493342
972	98.847892
973	98.89212764
974	98.92543397
975	98.95168792
976	98.97324456
977	98.99094269
978	99.00574399
979	99.01849744
980	99.02918214
981	99.03869206
982	99.04677957
983	99.05383331
984	99.06036798
985	99.06589929
986	99.07047416
987	99.07487073
988	99.07858767
989	99.08178236
990	99.08468511
991	99.0876623
992	99.09006564
993	99.09213619
994	99.09399775
995	99.09614382
996	99.0983807
997	99.10066476
998	99.10259168
999	99.10462315
1000	99.10710712
1001	99.10876575
1002	99.11057146
1003	99.11273762
1004	99.11531335
1005	99.11795498
1006	99.12046247
1007	99.12283417
1008	99.12518194
1009	99.1274334
1010	99.12885774
1011	99.13086486
1012	99.13215658
1013	99.13331251
1014	99.13365948
1015	99.13411445
1016	99.13423428
1017	99.13455015
1018	99.13333521
1019	99.13182832
1020	99.12888429
1021	99.12334005
1022	99.11531335
1023	99.1024175
1024	99.08385126
1025	99.05718361
1026	99.02247908
1027	98.97842436
1028	98.92488943
1029	98.86145015
1030	98.78788914
1031	98.7057829
1032	98.61505343
1033	98.51835639
1034	98.41695185
1035	98.31278819
1036	98.20648671
1037	98.09901527
1038	97.99307727
1039	97.88732142
1040	97.78439803
1041	97.68310369
1042	97.58491531
1043	97.48839753
1044	97.3942791
1045	97.30186472
1046	97.21125797
1047	97.12343097
1048	97.03744298
1049	96.95495331
1050	96.87536915
1051	96.79933531
1052	96.72672496
1053	96.65770305
1054	96.59191078
1055	96.53015738
1056	96.47260119
1057	96.41813266
1058	96.36711995
1059	96.31877281
1060	96.27269528
1061	96.2289065
1062	96.18796516
1063	96.14975997
1064	96.11412184
1065	96.08114446
1066	96.05000898
1067	96.02064246
1068	95.99358396
1069	95.96904202
1070	95.94578905
1071	95.92410694
1072	95.90190272
1073	95.87983044
1074	95.85928775
1075	95.83855355
1076	95.81756869
1077	95.79680064
1078	95.77554943
1079	95.75399884
1080	95.73328583
1081	95.7130388
1082	95.69407784
1083	95.67643776
1084	95.65822316
1085	95.64166596
1086	95.62637488
1087	95.61127449
1088	95.59610751
1089	95.58137005
1090	95.5666491
1091	95.55162864
1092	95.53535994
1093	95.51787106
1094	95.50017183
1095	95.481107
1096	95.46095613
1097	95.43976366
1098	95.41817455
1099	95.39384256
1100	95.36648839
1101	95.3352661
1102	95.30136915
1103	95.26259494
1104	95.21886627
1105	95.16959144
1106	95.11565342
1107	95.05695864
1108	94.99393415
1109	94.92790291
1110	94.85951055
1111	94.79104033
1112	94.72198898
1113	94.65435412
1114	94.58886906
1115	94.52702981
1116	94.46958355
1117	94.41674999
1118	94.36867869
1119	94.32569226
1120	94.28741732
1121	94.25250808
1122	94.22122373
1123	94.19375304
1124	94.16868556
1125	94.14462294
1126	94.1214327
1127	94.09879993
1128	94.07642815
1129	94.05440567
1130	94.03301908
1131	94.01312906
1132	93.99419355
1133	93.97652981
1134	93.9610486
1135	93.94734366
1136	93.93505825
1137	93.92441991
1138	93.91506036
1139	93.90587471
1140	93.89714733
1141	93.88670986
1142	93.87464691
1143	93.86145018
1144	93.84570909
1145	93.82829148
1146	93.80858444
1147	93.78762489
1148	93.7657481
1149	93.74285242
1150	93.71978064
1151	93.69812866
1152	93.67866568
1153	93.65955545
1154	93.64246995
1155	93.62673546
1156	93.61288661
1157	93.60051384
1158	93.58975787
1159	93.58095854
1160	93.57351352
1161	93.56681046
1162	93.56020811
1163	93.55439353
1164	93.54862448
1165	93.54360317
1166	93.53772819
1167	93.53189819
1168	93.52504352
1169	93.51667192
1170	93.50641701
1171	93.49519824
1172	93.48297529
1173	93.47074669
1174	93.45765273
1175	93.44393046
1176	93.43092895
1177	93.41698531
1178	93.40258533
1179	93.38841111
1180	93.37457093
1181	93.3600635
1182	93.34541904
1183	93.32959609
1184	93.31262533
1185	93.29544903
1186	93.27777607
1187	93.26029751
1188	93.24309548
1189	93.2259218
1190	93.20897552
1191	93.19244804
1192	93.17540849
1193	93.15775699
1194	93.14080838
1195	93.12383831
1196	93.10687869
1197	93.09085667
1198	93.07540546
1199	93.06127925
1200	93.04790161
1201	93.03555401
1202	93.02489339
1203	93.01714762
1204	93.0115218
1205	93.00800682
1206	93.00682998
1207	93.00675253
1208	93.0088316
1209	93.01197264
1210	93.01593488
1211	93.02058968
1212	93.02631374
1213	93.03155806
1214	93.0376932
1215	93.04348275
1216	93.04898971
1217	93.05515526
1218	93.0612981
1219	93.06687756
1220	93.07310282
1221	93.07947445
1222	93.08525423
1223	93.09163605
1224	93.09624834
1225	93.10111157
1226	93.10665252
1227	93.11222483
1228	93.11768047
1229	93.12426068
1230	93.13102083
1231	93.13887363
1232	93.14800824
1233	93.15838875
1234	93.17105608
1235	93.18490039
1236	93.19811032
1237	93.21172557
1238	93.2247799
1239	93.23702514
1240	93.24873617
1241	93.25871358
1242	93.26654946
1243	93.27190508
1244	93.27427087
1245	93.27413233
1246	93.27163116
1247	93.26509856
1248	93.25706251
1249	93.24793313
1250	93.23815025
1251	93.22818344
1252	93.21817576
1253	93.20870807
1254	93.19952091
1255	93.19113004
1256	93.18419104
1257	93.17984771
1258	93.17687699
1259	93.17419836
1260	93.17201761
1261	93.17063289
1262	93.17022277
1263	93.16986562
1264	93.17079936
1265	93.17140016
1266	93.1710309
1267	93.16949939
1268	93.1661231
1269	93.16087327
1270	93.15355757
1271	93.14484202
1272	93.13449756
1273	93.12337137
1274	93.1104066
1275	93.09606619
1276	93.0809043
1277	93.0645946
1278	93.04823427
1279	93.03175728
1280	93.01556163
1281	92.99873134
1282	92.98183528
1283	92.96550893
1284	92.94967732
1285	92.9355225
1286	92.92307584
1287	92.91198295
1288	92.90220434
1289	92.89383177
1290	92.88706818
1291	92.88116609
1292	92.87737363
1293	92.87349793
1294	92.87110531
1295	92.86899721
1296	92.86756557
1297	92.86731587
1298	92.86716151
1299	92.86758979
1300	92.86835857
1301	92.86865065
1302	92.86822086
1303	92.86693602
1304	92.86366552
1305	92.859074
1306	92.85170231
1307	92.84139554
1308	92.8288563
1309	92.81417167
1310	92.79684142
1311	92.77907518
1312	92.76004942
1313	92.74207875
1314	92.72494248
1315	92.70822596
1316	92.69391362
1317	92.68241694
1318	92.67334809
1319	92.66677834
1320	92.66265142
1321	92.65983961
1322	92.65706398
1323	92.65382333
1324	92.65000418
1325	92.64642482
1326	92.640903
1327	92.63449573
1328	92.62778868
1329	92.62042827
1330	92.61334784
1331	92.60635971
1332	92.60081753
1333	92.59675404
1334	92.59453835
1335	92.5935244
1336	92.59574779
1337	92.60003568
1338	92.6063626
1339	92.61557412
1340	92.62731376
1341	92.64151164
1342	92.65869331
1343	92.67756319
1344	92.69901376
1345	92.72400709
1346	92.75067543
1347	92.77882809
1348	92.80824303
1349	92.83729793
1350	92.86559945
1351	92.89275743
1352	92.91852174
1353	92.94432623
1354	92.96809416
1355	92.98798184
1356	93.00577972
1357	93.02156951
1358	93.03368295
1359	93.0434778
1360	93.04974818
1361	93.05346057
1362	93.05460577
1363	93.05104044
1364	93.04506379
1365	93.03649958
1366	93.02446552
1367	93.00923581
1368	92.99161004
1369	92.97237544
1370	92.95222113
1371	92.93026827
1372	92.90668291
1373	92.88347341
1374	92.85919342
1375	92.83462988
1376	92.81084077
1377	92.78783434
1378	92.76533474
1379	92.74320812
1380	92.72275224
1381	92.70493235
1382	92.6886532
1383	92.67254119
1384	92.65824508
1385	92.64480897
1386	92.63250925
1387	92.62072021
1388	92.60969267
1389	92.59862661
1390	92.58702784
1391	92.57598173
1392	92.56456484
1393	92.55463724
1394	92.54384096
1395	92.53342551
1396	92.52234197
1397	92.51195224
1398	92.50146813
1399	92.49199783
1400	92.48117253
1401	92.46887982
1402	92.45726923
1403	92.44511438
1404	92.43296599
1405	92.42097141
1406	92.40953059
1407	92.39773014
1408	92.38735265
1409	92.376972
1410	92.36845649
1411	92.36088793
1412	92.35337398
1413	92.34684014
1414	92.34059797
1415	92.3349017
1416	92.3297208
1417	92.3239878
1418	92.31754668
1419	92.3108849
1420	92.30458604
1421	92.29891385
1422	92.29413
1423	92.28932963
1424	92.28548874
1425	92.28238788
1426	92.27955942
1427	92.27814746
1428	92.27745283
1429	92.27705633
1430	92.27693677
1431	92.27691407
1432	92.27576544
1433	92.2749346
1434	92.27383288
1435	92.27244968
1436	92.27150988
1437	92.26997231
1438	92.26892507
1439	92.26822742
1440	92.26738145
1441	92.26637658
1442	92.2659483
1443	92.26527789
1444	92.26434263
1445	92.264214
1446	92.26408082
1447	92.26432296
1448	92.26458628
1449	92.2655064
1450	92.26700008
1451	92.26876012
1452	92.27203804
1453	92.27674306
1454	92.28362883
1455	92.29080681
1456	92.29881864
1457	92.30751328
1458	92.31692043
1459	92.32634423
1460	92.33676161
1461	92.34767827
1462	92.35721226
1463	92.3667237
1464	92.37560241
1465	92.38414434
1466	92.39241909
1467	92.40071337
1468	92.40867431
1469	92.41617394
1470	92.42220026
1471	92.42615837
1472	92.42971709
1473	92.43153119
1474	92.43146364
1475	92.4297464
1476	92.42627077
1477	92.4210724
1478	92.41421057
1479	92.40595343
1480	92.39679254
1481	92.38826218
1482	92.37868979
1483	92.36869918
1484	92.35782049
1485	92.34633908
1486	92.33374921
1487	92.32040294
1488	92.30571817
1489	92.2906563
1490	92.27432857
1491	92.25769722
1492	92.24050289
1493	92.22289542
1494	92.20563891
1495	92.18951357
1496	92.17486911
1497	92.16142818
1498	92.14988266
1499	92.13912477
1500	92.13000309
1501	92.12050542
1502	92.11181559
1503	92.10267906
1504	92.09186545
1505	92.07891595
1506	92.06361236
1507	92.04585383
1508	92.02644106
1509	92.00616293
1510	91.98341776
1511	91.9603402
1512	91.93584504
1513	91.9116099
1514	91.88788339
1515	91.8651832
1516	91.84450624
1517	91.82702713
1518	91.81255491
1519	91.80048715
1520	91.79237722
1521	91.78716591
1522	91.78527683
1523	91.78626051
1524	91.792007
1525	91.80012174
1526	91.81036619
1527	91.82172296
1528	91.83359178
1529	91.8464824
1530	91.85976608
1531	91.87355426
1532	91.88830726
1533	91.90445957
1534	91.9193492
1535	91.93455676
1536	91.94924635
1537	91.96298995
1538	91.97605887
1539	91.98790431
1540	91.99876717
1541	92.0079729
1542	92.0151191
1543	92.01875721
1544	92.02030537
1545	92.01930353
1546	92.01731195
1547	92.01469082
1548	92.01085598
1549	92.0061101
1550	92.00081336
1551	91.9942681
1552	91.98725659
1553	91.97904059
1554	91.97057158
1555	91.96146669
1556	91.95117422
1557	91.9400512
1558	91.92826643
1559	91.91605971
1560	91.90360205
1561	91.89288021
1562	91.88287487
1563	91.87516887
1564	91.86889753
1565	91.86561864
1566	91.86355992
1567	91.86295004
1568	91.86357478
1569	91.86527662
1570	91.86735143
1571	91.86962297
1572	91.87228318
1573	91.87522376
1574	91.87774364
1575	91.88005948
1576	91.88177397
1577	91.88234685
1578	91.88238895
1579	91.8806977
1580	91.88008094
1581	91.87810189
1582	91.87479507
1583	91.87024964
1584	91.86506502
1585	91.85792791
1586	91.85029055
1587	91.84236924
1588	91.83258279
1589	91.82168622
1590	91.80733095
1591	91.79107491
1592	91.77227216
1593	91.75159093
1594	91.72810463
1595	91.70244941
1596	91.67499275
1597	91.64672411
1598	91.61891099
1599	91.59293618
1600	91.56787255
1601	91.54439904
1602	91.5232422
1603	91.50452792
1604	91.48962316
1605	91.47791571
1606	91.47000169
1607	91.46382886
1608	91.46020369
1609	91.45731703
1610	91.45706512
1611	91.45892806
1612	91.46289787
1613	91.46941066
1614	91.47742332
1615	91.48697245
1616	91.49741213
1617	91.51011743
1618	91.52488598
1619	91.54228365
1620	91.56092983
1621	91.58189873
1622	91.60396331
1623	91.62528909
1624	91.64761204
1625	91.67004725
1626	91.69402154
1627	91.71759713
1628	91.74103721
1629	91.76361041
1630	91.78613834
1631	91.80724648
1632	91.82688845
1633	91.84593539
1634	91.86249727
1635	91.87825529
1636	91.89125996
1637	91.90310072
1638	91.91163219
1639	91.91797782
1640	91.92149348
1641	91.92260607
1642	91.92256219
1643	91.92018993
1644	91.91641962
1645	91.91154785
1646	91.9047943
1647	91.89624233
1648	91.88758526
1649	91.87879445
1650	91.86886409
1651	91.8574933
1652	91.84462084
1653	91.82954728
1654	91.8123136
1655	91.79346339
1656	91.77410525
1657	91.75347038
1658	91.7328501
1659	91.71111612
1660	91.68897409
1661	91.66716211
1662	91.64570108
1663	91.62560552
1664	91.60653808
1665	91.58683488
1666	91.5661897
1667	91.54580605
1668	91.52439194
1669	91.50185506
1670	91.47985157
1671	91.45726984
1672	91.43444474
1673	91.41165554
1674	91.38976968
1675	91.36934063
1676	91.35151441
1677	91.33561097
1678	91.32187522
1679	91.311688
1680	91.30343939
1681	91.29810564
1682	91.29414244
1683	91.2775796
1684	91.26744026
1685	91.25871343
1686	91.25015843
1687	91.24281798
1688	91.23562926
1689	91.22882894
1690	91.22211583
1691	91.21475295
1692	91.20824181
1693	91.2162747
1694	91.21980728
1695	91.22320531
1696	91.22715049
1697	91.23027901
1698	91.23290935
1699	91.23552168
1700	91.23782487
1701	91.24019781
1702	91.24279926
1703	91.24543594
1704	91.24728843
1705	91.24855015
1706	91.24940712
1707	91.24963619
1708	91.24965999
1709	91.24814017
1710	91.24582996
1711	91.24179151
1712	91.2367164
1713	91.22985898
1714	91.22185416
1715	91.21206991
1716	91.20134449
1717	91.18976787
1718	91.17721831
1719	91.16370708
1720	91.14967828
1721	91.13608244
1722	91.12205488
1723	91.10888635
1724	91.09647505
1725	91.08525202
1726	91.07499725
1727	91.06549173
1728	91.05719222
1729	91.05017727
1730	91.04389836
1731	91.03781385
1732	91.03253293
1733	91.02779475
1734	91.02334507
1735	91.01983863
1736	91.01549737
1737	91.01143731
1738	91.00763549
1739	91.00385926
1740	91.00121886
1741	90.99950877
1742	90.99756824
1743	90.99714134
1744	90.99747634
1745	90.99869404
1746	91.00102997
1747	91.00487513
1748	91.00987264
1749	91.01696064
1750	91.02424249
1751	91.03311144
1752	91.04453397
1753	91.05642164
1754	91.06951051
1755	91.08398781
1756	91.10005483
1757	91.11694882
1758	91.13370193
1759	91.15065563
1760	91.1694775
1761	91.18876892
1762	91.20778464
1763	91.22632076
1764	91.24479689
1765	91.26309363
1766	91.2805543
1767	91.29765507
1768	91.31563992
1769	91.33259789
1770	91.34794936
1771	91.36223501
1772	91.37581723
1773	91.39008033
1774	91.40394967
1775	91.41695256
1776	91.43008228
1777	91.44334959
1778	91.45569127
1779	91.46835076
1780	91.48197646
1781	91.49550351
1782	91.50899562
1783	91.52091425
1784	91.53389925
1785	91.54545633
1786	91.55757376
1787	91.56879102
1788	91.57991872
1789	91.59075434
1790	91.60130944
1791	91.61213254
1792	91.62427542
1793	91.63708377
1794	91.6489753
1795	91.66221165
1796	91.6747004
1797	91.68616723
1798	91.69668807
1799	91.70616016
1800	91.71337583
1801	91.71845465
1802	91.72063086
1803	91.7209532
1804	91.7196502
1805	91.71633596
1806	91.71101803
1807	91.70389618
1808	91.69493561
1809	91.6853258
1810	91.67491805
1811	91.66379847
1812	91.65254241
1813	91.64113323
1814	91.63024299
1815	91.61919179
1816	91.6085994
1817	91.59889068
1818	91.59074044
1819	91.58338719
1820	91.57777374
1821	91.57388951
1822	91.57099845
1823	91.56915464
1824	91.56773992
1825	91.56855273
1826	91.56935371
1827	91.57075797
1828	91.57241867
1829	91.57404759
1830	91.57412463
1831	91.57398499
1832	91.57282659
1833	91.5710162
1834	91.56779647
1835	91.56310314
1836	91.55849044
1837	91.55387416
1838	91.5490676
1839	91.54426078
1840	91.54051247
1841	91.53775445
1842	91.53638652
1843	91.53578035
1844	91.53610723
1845	91.53756611
1846	91.53953264
1847	91.54315011
1848	91.54729409
1849	91.55271988
1850	91.55911284
1851	91.56495288
1852	91.57204487
1853	91.58063907
1854	91.5916845
1855	91.60436421
1856	91.61946378
1857	91.63541509
1858	91.65269774
1859	91.67064103
1860	91.68869164
1861	91.70817773
1862	91.72637693
1863	91.7426415
1864	91.75678366
1865	91.76943847
1866	91.77972433
1867	91.78717169
1868	91.79229729
1869	91.79498198
1870	91.79612538
1871	91.79595671
1872	91.79514212
1873	91.79443125
1874	91.79346381
1875	91.79252456
1876	91.79115883
1877	91.79107449
1878	91.79225202
1879	91.79364238
1880	91.79639641
1881	91.79934594
1882	91.80103842
1883	91.80266198
1884	91.80268798
1885	91.80062514
1886	91.79680213
1887	91.79062104
1888	91.78174535
1889	91.77133498
1890	91.7581948
1891	91.74235383
1892	91.72511864
1893	91.70729572
1894	91.68901151
1895	91.67176972
1896	91.65589642
1897	91.64182992
1898	91.6299267
1899	91.62071147
1900	91.61362099
1901	91.60894582
1902	91.60693169
1903	91.60629456
1904	91.60683469
1905	91.60787038
1906	91.60870493
1907	91.60969851
1908	91.61017962
1909	91.60952393
1910	91.60856515
1911	91.60716048
1912	91.60532973
1913	91.60292639
1914	91.60106978
1915	91.59884707
1916	91.59746414
1917	91.5956726
1918	91.5942744
1919	91.59287881
1920	91.59100638
1921	91.58913794
1922	91.58727169
1923	91.58502643
1924	91.58228464
1925	91.57892788
1926	91.57503815
1927	91.57105871
1928	91.56549025
1929	91.5597362
1930	91.55400086
1931	91.54764161
1932	91.54024433
1933	91.5323387
1934	91.52388483
1935	91.51564021
1936	91.50735514
1937	91.49837283
1938	91.49014004
1939	91.4810701
1940	91.47177769
1941	91.46279592
1942	91.45469604
1943	91.44809698
1944	91.44332483
1945	91.4405492
1946	91.43894628
1947	91.4395076
1948	91.44220825
1949	91.44799807
1950	91.45627502
1951	91.46648438
1952	91.47873692
1953	91.49264974
1954	91.50739463
1955	91.52226499
1956	91.53758152
1957	91.55254199
1958	91.56829065
1959	91.58207029
1960	91.59489886
1961	91.60687693
1962	91.61779262
1963	91.62755665
1964	91.63555927
1965	91.6426675
1966	91.64885753
1967	91.65367825
1968	91.65693513
1969	91.66033729
1970	91.66274655
1971	91.66373477
1972	91.66361067
1973	91.66199593
1974	91.6598061
1975	91.65679741
1976	91.65282156
1977	91.6488867
1978	91.64445862
1979	91.63966569
1980	91.63612141
1981	91.63336697
1982	91.63161299
1983	91.63062628
1984	91.63100613
1985	91.63303114
1986	91.63660445
1987	91.64250969
1988	91.65093757
1989	91.66234537
1990	91.67479285
1991	91.69058719
1992	91.70817443
1993	91.7281664
1994	91.75121699
1995	91.77552849
1996	91.8018914
1997	91.82874313
1998	91.8557916
1999	91.88253891
2000	91.90921344
2001	91.93549559
2002	91.96022656
2003	91.9845492
2004	92.00641924
2005	92.02776318
2006	92.04782201
2007	92.06686896
2008	92.08415202
2009	92.09901371
2010	92.11267408
2011	92.12374262
2012	92.13419784
2013	92.1425788
2014	92.14883872
2015	92.15378519
2016	92.15708114
2017	92.15893087
2018	92.16018695
2019	92.16124314
2020	92.16175644
2021	92.16322618
2022	92.16451666
2023	92.16677844
2024	92.17098364
2025	92.17628396
2026	92.18327084
2027	92.1915383
2028	92.20111907
2029	92.21123571
2030	92.22256235
2031	92.23336165
2032	92.24429536
2033	92.25455068
2034	92.26456028
2035	92.27402356
2036	92.28403014
2037	92.29404855
2038	92.30466501
2039	92.31626157
2040	92.32684212
2041	92.33814413
2042	92.35038249
2043	92.36342115
2044	92.37601556
2045	92.38741318
2046	92.39718602
2047	92.40563576
2048	92.41295215
2049	92.41975977
2050	92.4265246
2051	92.43218482
2052	92.43708039
2053	92.44216402
2054	92.44801561
2055	92.45481415
2056	92.46222079
2057	92.47058455
2058	92.47843652
2059	92.48729721
2060	92.49642068
2061	92.50645408
2062	92.51640783
2063	92.52674006
2064	92.53640792
2065	92.54539779
2066	92.55446155
2067	92.56277152
2068	92.5705653
2069	92.57680334
2070	92.58181406
2071	92.5867432
2072	92.59117733
2073	92.594257
2074	92.59658908
2075	92.59808882
2076	92.59751526
2077	92.59639235
2078	92.59361534
2079	92.58965489
2080	92.58433696
2081	92.57620708
2082	92.56628539
2083	92.55392637
2084	92.53964361
2085	92.5240599
2086	92.5069235
2087	92.48862057
2088	92.46938707
2089	92.44763287
2090	92.42408328
2091	92.39920648
2092	92.37360038
2093	92.3473412
2094	92.32029618
2095	92.29354433
2096	92.26646064
2097	92.23904223
2098	92.21258439
2099	92.1880657
2100	92.16594995
2101	92.14631623
2102	92.12873009
2103	92.11373852
2104	92.10093334
2105	92.08814012
2106	92.0776157
2107	92.06879367
2108	92.06112523
2109	92.05429986
2110	92.04828207
2111	92.04329928
2112	92.03872056
2113	92.03389461
2114	92.02889407
2115	92.02556896
2116	92.02277805
2117	92.02057612
2118	92.01941538
2119	92.01945019
2120	92.02020384
2121	92.02114817
2122	92.02348644
2123	92.02572621
2124	92.02885899
2125	92.0327047
2126	92.03676971
2127	92.04153265
2128	92.04601273
2129	92.05043145
2130	92.05523236
2131	92.06027156
2132	92.06485042
2133	92.07071481
2134	92.07634531
2135	92.08168663
2136	92.0868678
2137	92.0918012
2138	92.0968144
2139	92.10120216
2140	92.10514748
2141	92.10864869
2142	92.11149683
2143	92.11281014
2144	92.11435184
2145	92.11415786
2146	92.1138966
2147	92.1125797
2148	92.11014843
2149	92.10678851
2150	92.10219052
2151	92.09605359
2152	92.08877986
2153	92.08018111
2154	92.07051642
2155	92.06051534
2156	92.04966927
2157	92.03819928
2158	92.02717229
2159	92.015751
2160	92.0037849
2161	91.99218916
2162	91.97880602
2163	91.96590357
2164	91.95162451
2165	91.93699106
2166	91.92133224
2167	91.90445352
2168	91.88630578
2169	91.86666739
2170	91.84702996
2171	91.82700195
2172	91.80871443
2173	91.79230128
2174	91.77723005
2175	91.76378444
2176	91.75227662
2177	91.74273946
2178	91.73515535
2179	91.72960973
2180	91.72524053
2181	91.72199288
2182	91.72022376
2183	91.71873916
2184	91.71901005
2185	91.72062329
2186	91.72247564
2187	91.72524962
2188	91.72874863
2189	91.7339642
2190	91.73972141
2191	91.746407
2192	91.75340049
2193	91.76066418
2194	91.7679492
2195	91.77545942
2196	91.78374229
2197	91.79246458
2198	91.80111684
2199	91.80973072
2200	91.81875582
2201	91.82695641
2202	91.83502232
2203	91.84234654
2204	91.84918746
2205	91.85497219
2206	91.86051629
2207	91.86538407
2208	91.86886726
2209	91.87105681
2210	91.87229074
2211	91.87313024
2212	91.87242529
2213	91.87111996
2214	91.86899177
2215	91.86565482
2216	91.86100318
2217	91.8554339
2218	91.84907395
2219	91.8425126
2220	91.83533462
2221	91.82831802
2222	91.82228826
2223	91.81636307
2224	91.81118423
2225	91.80707822
2226	91.80345594
2227	91.80004621
2228	91.79809137
2229	91.7973208
2230	91.79781732
2231	91.79855528
2232	91.7987212
2233	91.79981935
2234	91.80072598
2235	91.80158571
2236	91.80242823
2237	91.80380676
2238	91.80511003
2239	91.80620543
2240	91.80677954
2241	91.80674914
2242	91.80646297
2243	91.80586369
2244	91.80455367
2245	91.80345993
2246	91.80260172
2247	91.80165752
2248	91.80129418
2249	91.80079807
2250	91.80157731
2251	91.80389632
2252	91.80777491
2253	91.81246177
2254	91.81932154
2255	91.82723831
2256	91.83697069
2257	91.84641774
2258	91.85589616
2259	91.86499527
2260	91.8734691
2261	91.88123893
2262	91.8877033
2263	91.89290085
2264	91.89637317
2265	91.89915705
2266	91.90014514
2267	91.90151541
2268	91.90110006
2269	91.90075488
2270	91.90047794
2271	91.90026318
2272	91.90110474
2273	91.90252647
2274	91.90487245
2275	91.90659506
2276	91.90939518
2277	91.9124677
2278	91.91719184
2279	91.92230437
2280	91.92728234
2281	91.93196205
2282	91.93642823
2283	91.9412667
2284	91.9458933
2285	91.95109773
2286	91.95647014
2287	91.96183801
2288	91.96658403
2289	91.9703161
2290	91.97347447
2291	91.97571423
2292	91.97658895
2293	91.97604717
2294	91.97381043
2295	91.97043565
2296	91.96469536
2297	91.95713739
2298	91.94866371
2299	91.93953914
2300	91.93036738
2301	91.92141561
2302	91.91304924
2303	91.90499778
2304	91.89752662
2305	91.88981305
2306	91.88345916
2307	91.87789772
2308	91.87390315
2309	91.87131766
2310	91.86994463
2311	91.86967195
2312	91.87129069
2313	91.87481378
2314	91.88035238
2315	91.88717761
2316	91.89362547
2317	91.90077469
2318	91.90810814
2319	91.9157836
2320	91.92409921
2321	91.93340689
2322	91.94179184
2323	91.94992048
2324	91.9571711
2325	91.96444882
2326	91.97190361
2327	91.97852907
2328	91.98415724
2329	91.98874119
2330	91.99055116
2331	91.99063894
2332	91.98897728
2333	91.98577653
2334	91.98105789
2335	91.97450493
2336	91.96749355
2337	91.95961489
2338	91.95147717
2339	91.94306415
2340	91.93496083
2341	91.92677399
2342	91.91869048
2343	91.91024004
2344	91.90252716
2345	91.89501693
2346	91.88754219
2347	91.88112956
2348	91.87385995
2349	91.8658034
2350	91.85778262
2351	91.84883264
2352	91.83854665
2353	91.82721795
2354	91.81413431
2355	91.80043638
2356	91.78633329
2357	91.77105487
2358	91.75586643
2359	91.74031781
2360	91.72424502
2361	91.70808005
2362	91.69195842
2363	91.67538045
2364	91.65750993
2365	91.63905498
2366	91.61805457
2367	91.59586631
2368	91.57219868
2369	91.54745354
2370	91.52163392
2371	91.49413902
2372	91.46688625
2373	91.43983723
2374	91.41380148
2375	91.38815713
2376	91.36394923
2377	91.34095105
2378	91.3196144
2379	91.30062441
2380	91.28391464
2381	91.26971579
2382	91.25691611
2383	91.24634038
2384	91.23696927
2385	91.22904232
2386	91.22239113
2387	91.2169857
2388	91.21207871
2389	91.20685379
2390	91.20134297
2391	91.19565331
2392	91.18989486
2393	91.18352446
2394	91.17737886
2395	91.17185608
2396	91.16660722
2397	91.16148135
2398	91.15709441
2399	91.153937
2400	91.15083737
2401	91.14884855
2402	91.14824307
2403	91.14806298
2404	91.14987914
2405	91.15248253
2406	91.15563223
2407	91.16002646
2408	91.16636935
2409	91.17413217
2410	91.1837472
2411	91.19372461
2412	91.20380025
2413	91.21483068
2414	91.22525467
2415	91.23486048
2416	91.24483528
2417	91.25563403
2418	91.26505246
2419	91.27361364
2420	91.28241655
2421	91.29164967
2422	91.30112671
2423	91.30996209
2424	91.31888042
2425	91.32758758
2426	91.33517774
2427	91.34030347
2428	91.34405412
2429	91.34543361
2430	91.34418743
2431	91.33925555
2432	91.33201469
2433	91.32393214
2434	91.31514533
2435	91.30490996
2436	91.29412318
2437	91.27965564
2438	91.24051946
2439	91.14699441
2440	90.98110239
2441	90.73460537
2442	90.40216838
2443	89.98392238
2444	89.47802274
2445	88.88724824
2446	88.21012282
2447	87.44945471
2448	86.62728469
2449	85.77507485
2450	84.91103705
2451	84.04645636
2452	83.18639262
2453	82.33061581
2454	81.48163685
2455	80.63958231
2456	79.80864405
2457	78.99314448
2458	78.19798055
2459	77.42134325
2460	76.66415132
2461	75.92347256
2462	75.19762661
2463	74.48708054
2464	73.78979682
2465	73.10312585
2466	72.42545245
2467	71.7538827
2468	71.07348568
2469	70.36911629
2470	69.63304681
2471	68.86489819
2472	68.06489028
2473	67.23212499
2474	66.36678721
2475	65.47075709
2476	64.54170377
2477	63.58048699
2478	62.60409676
2479	61.62914615
2480	60.6646502
2481	59.71567205
2482	58.78231641
2483	57.86271275
2484	56.95644231
2485	56.06308091
2486	55.18533996
2487	54.32527416
2488	53.48036956
2489	52.65142617
2490	51.83758181
2491	51.03516671
2492	50.24535235
2493	49.4703818
2494	48.70762512
2495	47.95739187
2496	47.21671917
2497	46.48117826
2498	45.74489979
2499	45.00226771
2500	44.24120172
2501	43.45636658
2502	42.64531421
2503	41.8088877
2504	40.94785184
2505	40.06209052
2506	39.15262056
2507	38.22164363
2508	37.26877644
2509	36.29982064
2510	35.33380212
2511	34.37782663
2512	33.4336483
2513	32.49991046
2514	31.57640153
2515	30.66433493
2516	29.76440365
2517	28.87302792
2518	27.99287247
2519	27.12184847
2520	26.24862942
2521	25.36928004
2522	24.48415157
2523	23.59441659
2524	22.70321956
2525	21.80645271
2526	20.90465904
2527	19.99542242
2528	19.07849823
2529	18.15443775
2530	17.22040783
2531	16.25375769
2532	15.23411345
2533	14.18174125
2534	13.16590736
2535	12.21639761
2536	11.34327775
2537	10.5546522
2538	9.8521082
2539	9.23713571
2540	8.716831954
2541	8.316575067
2542	8.057588059
2543	7.918740372
2544	7.830451942
2545	7.766257908
2546	7.714881027
2547	7.673564515
2548	7.637864888
2549	7.60635698
2550	7.577749071
2551	7.550935451
2552	7.524445414
2553	7.498681787
2554	7.474027449
2555	7.450167622
2556	7.427703659
2557	7.405890026
2558	7.38562538
2559	7.365667119
2560	7.345648049
2561	7.326616512
2562	7.308763604
2563	7.291706169
2564	7.27493641
2565	7.258107492
2566	7.241679063
2567	7.224933654
2568	7.208534804
2569	7.19216003
2570	7.176330064
2571	7.16026484
2572	7.144324262
2573	7.127580642
2574	7.110190544
2575	7.091642868
2576	7.071532447
2577	7.052165771
2578	7.033480241
2579	7.015833562
2580	6.998540044
2581	6.98279799
2582	6.968988352
2583	6.958942153
2584	6.952789815
2585	6.950115442
2586	6.950699597
2587	6.952651825
2588	6.955758605
2589	6.961157704
2590	6.969287859
2591	6.980394507
2592	6.994583997
2593	7.009666641
2594	7.025560443
2595	7.041821853
2596	7.057417112
2597	7.073128899
2598	7.08884385
2599	7.103449649
2600	7.115937991
2601	7.124353757
2602	7.128465542
2603	7.130455603
2604	7.128809073
2605	7.124654914
2606	7.119364226
2607	7.112322586
2608	7.10352229
2609	7.093014656
2610	7.081597769
2611	7.070174968
2612	7.058976142
2613	7.047451946
2614	7.037130866
2615	7.028141539
2616	7.019180965
2617	7.010948177
2618	7.003767309
2619	6.998163356
2620	6.99330246
2621	6.989207185
2622	6.984780072
2623	6.981102207
2624	6.977133228
2625	6.972299022
2626	6.967657013
2627	6.962763924
2628	6.95763145
2629	6.95259019
2630	6.947648399
2631	6.943341116
2632	6.939667379
2633	6.934104011
2634	6.927964331
2635	6.921251502
2636	6.912770937
2637	6.903214514
2638	6.87691681
2639	6.314000148
2640	5.56524173
2641	4.816366508
2642	4.068575812
2643	3.322595776
2644	2.577763275
2645	1.834417577
2646	1.09354924
2647	0.354082408
2648	-0.369946968
2649	-0.559576651
2650	-0.559917156
2651	-0.559903535
2652	-0.560377215
2653	-0.560422616
2654	-0.560608759
2655	-0.560605732
2656	-0.560673833
2657	-0.56093413
2658	-0.560855435
2659	-0.560837275
2660	-0.560578492
2661	-0.560664753
2662	-0.561038551
2663	-0.561369976
2664	-0.561472884
2665	-0.561566712
2666	-0.561612113
2667	-0.561506178
2668	-0.561453211
2669	-0.561453211
2670	-0.561711994
2671	-0.56190419
2672	-0.561749828
2673	-0.561766475
2674	-0.562031312
2675	-0.562029799
2676	-0.562429324
2677	-0.562511046
2678	-0.562668435
2679	-0.562683568
2680	-0.562893924
2681	-0.562972619
2682	-0.563110334
2683	-0.563565854
2684	-0.563680869
2685	-0.564081908
2686	-0.563991107
2687	-0.564492027
2688	-0.564663036
2689	-0.564637309
2690	-0.56472357
2691	-0.564791671
2692	-0.564675143
2693	-0.564140929
2694	-0.564065261
2695	-0.563906359
2696	-0.563883658
2697	-0.563452352
2698	-0.563353984
2699	-0.563534073
2700	-0.563597634
2701	-0.563317664
2702	-0.5630725
2703	-0.563322204
2704	-0.563334311
2705	-0.56326167
2706	-0.56281523
2707	-0.562918138
2708	-0.562789503
2709	-0.56260336
2710	-0.562212915
2711	-0.562406624
2712	-0.562365764
2713	-0.561914784
2714	-0.561798256
2715	-0.561839116
2716	-0.562367277
2717	-0.562159947
2718	-0.562193241
2719	-0.562308256
2720	-0.562600334
2721	-0.562760749
2722	-0.563084607
2723	-0.563409978
2724	-0.563611255
2725	-0.563807991
2726	-0.56378075
2727	-0.563957813
2728	-0.564274104
2729	-0.564206003
2730	-0.563795884
2731	-0.563482619
2732	-0.563099741
2733	-0.56332523
2734	-0.563158761
2735	-0.562830363
2736	-0.562896951
2737	-0.563178435
2738	-0.563234429
2739	-0.563422085
2740	-0.564007753
2741	-0.56445268
2742	-0.56495814
2743	-0.56514277
2744	-0.564852205
2745	-0.565035321
2746	-0.56468725
2747	-0.564367932
2748	-0.563957813
2749	-0.563833718
2750	-0.56374897
2751	-0.563423599
2752	-0.563540127
2753	-0.563726269
2754	-0.564419386
2755	-0.564653956
2756	-0.564893066
2757	-0.565210871
2758	-0.565739031
2759	-0.566035649
2760	-0.566252059
2761	-0.566787786
2762	-0.566855887
2763	-0.566574403
2764	-0.566283839
2765	-0.566146124
2766	-0.566255085
2767	-0.566306539
2768	-0.566173364
2769	-0.566229358
2770	-0.565973601
2771	-0.565678497
2772	-0.56562099
2773	-0.565580129
2774	-0.565640663
2775	-0.565574076
2776	-0.565369773
2777	-0.565051968
2778	-0.565032295
2779	-0.56493998
2780	-0.564782591
2781	-0.56496268
2782	-0.564773511
2783	-0.564608555
2784	-0.564746271
2785	-0.564906686
2786	-0.564955114
2787	-0.564894579
2788	-0.564702383
2789	-0.5644663
2790	-0.564440573
2791	-0.564440573
2792	-0.564460247
2793	-0.564496567
2794	-0.564862799
2795	-0.564594935
2796	-0.564843125
2797	-0.565038348
2798	-0.565218437
2799	-0.565581642
2800	-0.565810159
2801	-0.565459061
2802	-0.565749625
2803	-0.566259625
2804	-0.565766272
2805	-0.565941821
2806	-0.565972088
2807	-0.566300486
2808	-0.566146124
2809	-0.566029595
2810	-0.566253572
2811	-0.566265679
2812	-0.565947874
2813	-0.56563461
2814	-0.565847993
2815	-0.565566509
2816	-0.565551375
2817	-0.565410633
2818	-0.565481761
2819	-0.565288052
2820	-0.564871879
2821	-0.564929387
2822	-0.565009594
2823	-0.565339506
2824	-0.565524135
2825	-0.565867667
2826	-0.566026569
2827	-0.56614007
2828	-0.566636451
2829	-0.566804433
2830	-0.566880101
2831	-0.567297787
2832	-0.567660992
2833	-0.567541437
2834	-0.567673099
2835	-0.567999983
2836	-0.568394969
2837	-0.56895491
2838	-0.569368056
2839	-0.569758502
2840	-0.570204941
2841	-0.570507612
2842	-0.570778503
2843	-0.571134141
2844	-0.571538207
2845	-0.571625981
2846	-0.571520047
2847	-0.571078147
2848	-0.570728562
2849	-0.570598414
2850	-0.570663488
2851	-0.570421351
2852	-0.570530313
2853	-0.570472805
2854	-0.569959778
2855	-0.569834169
2856	-0.570192834
2857	-0.570026365
2858	-0.570236722
2859	-0.570254882
2860	-0.570661974
2861	-0.570767909
2862	-0.570516692
2863	-0.570497019
2864	-0.570518206
2865	-0.570575713
2866	-0.570285149
2867	-0.570586307
2868	-0.570369897
2869	-0.570463725
2870	-0.570271529
2871	-0.570425891
2872	-0.570665001
2873	-0.570979779
2874	-0.571547287
2875	-0.571647168
2876	-0.571828771
2877	-0.571925626
2878	-0.572105715
2879	-0.57219349
2880	-0.572320611
2881	-0.572414439
2882	-0.572294884
2883	-0.572232837
2884	-0.572263104
2885	-0.572664143
2886	-0.572816992
2887	-0.572765538
2888	-0.573239218
2889	-0.573535835
2890	-0.573283105
2891	-0.573258891
2892	-0.573629663
2893	-0.573850613
2894	-0.573715924
2895	-0.573667497
2896	-0.573552482
2897	-0.573481354
2898	-0.57317263
2899	-0.572983461
2900	-0.573638743
2901	-0.573705331
2902	-0.573843046
2903	-0.573723491
2904	-0.573945954
2905	-0.574116963
2906	-0.574098803
2907	-0.574182038
2908	-0.574292513
2909	-0.574514976
2910	-0.574310673
2911	-0.574272839
2912	-0.57408367
2913	-0.574201711
2914	-0.573938388
2915	-0.573773432
2916	-0.573703818
2917	-0.573688684
2918	-0.57366901
2919	-0.573535835
2920	-0.573442007
2921	-0.573596369
2922	-0.573777972
2923	-0.573714411
2924	-0.574118477
2925	-0.574412068
2926	-0.575002276
2927	-0.575248953
2928	-0.57555011
2929	-0.575954176
2930	-0.576362782
2931	-0.576547411
2932	-0.576532278
2933	-0.576716907
2934	-0.576356729
2935	-0.57596477
2936	-0.575538004
2937	-0.575572811
2938	-0.57529284
2939	-0.574882721
2940	-0.574667825
2941	-0.574047349
2942	-0.573950494
2943	-0.573711384
2944	-0.573750732
2945	-0.573563076
2946	-0.573405687
2947	-0.573205924
2948	-0.573048535
2949	-0.572883579
2950	-0.572718624
2951	-0.573166577
2952	-0.57294714
2953	-0.573255865
2954	-0.573381473
2955	-0.573485894
2956	-0.573737111
2957	-0.573820346
2958	-0.573764352
2959	-0.573629663
2960	-0.573410227
2961	-0.573251324
2962	-0.573210464
2963	-0.572836665
2964	-0.57269895
2965	-0.572866932
2966	-0.573081829
2967	-0.573243758
2968	-0.573593343
2969	-0.57362361
2970	-0.573843046
2971	-0.574054916
2972	-0.574348507
2973	-0.574266786
2974	-0.574160851
2975	-0.574194145
2976	-0.5738718
2977	-0.57388088
2978	-0.573986815
2979	-0.574116963
2980	-0.574073076
2981	-0.574030702
2982	-0.574026162
2983	-0.574375747
2984	-0.574625451
2985	-0.574431741
2986	-0.574690525
2987	-0.574412068
2988	-0.573767378
2989	-0.573995895
2990	-0.573820346
2991	-0.573734085
2992	-0.573557022
2993	-0.573319425
2994	-0.573249811
2995	-0.573286132
2996	-0.572909306
2997	-0.572981947
2998	-0.573278565
2999	-0.573240731
3000	-0.573270998
3001	-0.572989514
3002	-0.572812452
3003	-0.572869959
3004	-0.572794291
3005	-0.572509781
3006	-0.572844232
3007	-0.572853312
3008	-0.572842719
3009	-0.572674736
3010	-0.57270349
3011	-0.57243714
3012	-0.572636902
3013	-0.572420493
3014	-0.572508267
3015	-0.572538534
3016	-0.572176843
3017	-0.571943786
3018	-0.571849958
3019	-0.572034587
3020	-0.571884765
3021	-0.572260077
3022	-0.572090581
3023	-0.572158682
3024	-0.571806071
3025	-0.571830284
3026	-0.571813637
3027	-0.571659275
3028	-0.571346011
3029	-0.57105242
3030	-0.570920758
3031	-0.57107058
3032	-0.571333904
3033	-0.571485239
3034	-0.571780344
3035	-0.571887792
3036	-0.572269157
3037	-0.572576368
3038	-0.57269895
3039	-0.57249616
3040	-0.572415953
3041	-0.572325151
3042	-0.571896872
3043	-0.571476159
3044	-0.571333904
3045	-0.571285477
3046	-0.571371738
3047	-0.571237049
3048	-0.571571501
3049	-0.572045181
3050	-0.572679276
3051	-0.572611175
3052	-0.572930493
3053	-0.573295212
3054	-0.573446547
3055	-0.573570642
3056	-0.573573669
3057	-0.573700791
3058	-0.573979248
3059	-0.573843046
3060	-0.573693224
3061	-0.573357259
3062	-0.573373906
3063	-0.573267971
3064	-0.573069722
3065	-0.573248298
3066	-0.573001621
3067	-0.572950167
3068	-0.572762511
3069	-0.572983461
3070	-0.572866932
3071	-0.573428387
3072	-0.573269485
3073	-0.573319425
3074	-0.573134796
3075	-0.572762511
3076	-0.572500701
3077	-0.572190463
3078	-0.571810611
3079	-0.571492806
3080	-0.571385358
3081	-0.57103426
3082	-0.571405032
3083	-0.571162895
3084	-0.571436812
3085	-0.571456486
3086	-0.571722836
3087	-0.572294884
3088	-0.572783698
3089	-0.573110583
3090	-0.573523728
3091	-0.573811266
3092	-0.573653877
3093	-0.574071563
3094	-0.574073076
3095	-0.574463522
3096	-0.574448388
3097	-0.574510436
3098	-0.574342453
3099	-0.574207765
3100	-0.573782512
3101	-0.573802186
3102	-0.573988328
3103	-0.574127557
3104	-0.574402987
3105	-0.574525569
3106	-0.574993196
3107	-0.574826727
3108	-0.574922068
3109	-0.575117291
3110	-0.575627292
3111	-0.575565244
3112	-0.575459309
3113	-0.575392722
3114	-0.575392722
3115	-0.575642425
3116	-0.575557677
3117	-0.575718093
3118	-0.575931476
3119	-0.576238687
3120	-0.576595839
3121	-0.576937857
3122	-0.577249608
3123	-0.577447857
3124	-0.577470558
3125	-0.577064979
3126	-0.577098272
3127	-0.577140646
3128	-0.577025631
3129	-0.576856136
3130	-0.576432396
3131	-0.576610972
3132	-0.576554978
3133	-0.57645661
3134	-0.57669572
3135	-0.576919696
3136	-0.577066492
3137	-0.576797115
3138	-0.576924237
3139	-0.5767048
3140	-0.576959044
3141	-0.576827382
3142	-0.576936343
3143	-0.576719934
3144	-0.576197826
3145	-0.576350675
3146	-0.575878508
3147	-0.576035897
3148	-0.576043464
3149	-0.576309815
3150	-0.576284087
3151	-0.576371862
3152	-0.576579192
3153	-0.577048332
3154	-0.577351003
3155	-0.577092219
3156	-0.577204207
3157	-0.576834949
3158	-0.576627619
3159	-0.576116105
3160	-0.575970823
3161	-0.575547084
3162	-0.574997736
3163	-0.574761653
3164	-0.574487735
3165	-0.574692038
3166	-0.574847914
3167	-0.574866074
3168	-0.574929635
3169	-0.575173285
3170	-0.575009843
3171	-0.5748464
3172	-0.574888774
3173	-0.574801
3174	-0.574664798
3175	-0.574490762
3176	-0.574554323
3177	-0.574649664
3178	-0.574826727
3179	-0.574970496
3180	-0.574938715
3181	-0.575091564
3182	-0.574890288
3183	-0.574682958
3184	-0.574720792
3185	-0.574578537
3186	-0.574260732
3187	-0.57412907
3188	-0.574011029
3189	-0.574209278
3190	-0.574346993
3191	-0.574241059
3192	-0.574528596
3193	-0.574781326
3194	-0.575167232
3195	-0.57503557
3196	-0.574866074
3197	-0.575146045
3198	-0.57525652
3199	-0.574695065
3200	-0.574375747
3201	-0.574637557
3202	-0.575032543
3203	-0.575360941
3204	-0.575636372
3205	-0.576444503
3206	-0.577288955
3207	-0.577272308
3208	-0.577266255
3209	-0.578183348
3210	-0.578814417
3211	-0.579079254
3212	-0.578917325
3213	-0.578738749
3214	-0.578566226
3215	-0.577929104
3216	-0.577579519
3217	-0.577437264
3218	-0.57737219
3219	-0.576795601
3220	-0.576842515
3221	-0.576624592
3222	-0.576523198
3223	-0.576237173
3224	-0.5762175
3225	-0.57643391
3226	-0.576562545
3227	-0.577252635
3228	-0.577532605
3229	-0.577735395
3230	-0.577584059
3231	-0.577520498
3232	-0.577441804
3233	-0.577732368
3234	-0.577795929
3235	-0.577883703
3236	-0.57785041
3237	-0.577664267
3238	-0.577574979
3239	-0.577653674
3240	-0.577744475
3241	-0.577823169
3242	-0.577742961
3243	-0.577573466
3244	-0.577574979
3245	-0.577550765
3246	-0.577189074
3247	-0.577310142
3248	-0.577111893
3249	-0.577108866
3250	-0.577077085
3251	-0.576987797
3252	-0.577139133
3253	-0.577015038
3254	-0.577240528
3255	-0.576946937
3256	-0.577122486
3257	-0.576954504
3258	-0.577217827
3259	-0.576854622
3260	-0.576741121
3261	-0.576716907
3262	-0.577040765
3263	-0.577189074
3264	-0.576789548
3265	-0.576971151
3266	-0.576971151
3267	-0.576842515
3268	-0.576788035
3269	-0.577113406
3270	-0.57715124
3271	-0.577068005
3272	-0.576444503
3273	-0.576592812
3274	-0.576650319
3275	-0.576875809
3276	-0.577285928
3277	-0.57766578
3278	-0.577827709
3279	-0.577703614
3280	-0.57811676
3281	-0.578322576
3282	-0.578640381
3283	-0.578598007
3284	-0.578808363
3285	-0.578876464
3286	-0.578790203
3287	-0.578690322
3288	-0.578864357
3289	-0.578749342
3290	-0.578669135
3291	-0.57882047
3292	-0.578791716
3293	-0.578755396
3294	-0.578654001
3295	-0.578416404
3296	-0.578266582
3297	-0.57832409
3298	-0.577861003
3299	-0.578024445
3300	-0.578013852
3301	-0.577753555
3302	-0.577596166
3303	-0.577805009
3304	-0.577892784
3305	-0.578209075
3306	-0.578292309
3307	-0.578101627
3308	-0.578136434
3309	-0.578077413
3310	-0.577749015
3311	-0.577942724
3312	-0.578257502
3313	-0.578271122
3314	-0.578620707
3315	-0.578601034
3316	-0.578865871
3317	-0.579157948
3318	-0.579472726
3319	-0.579611955
3320	-0.580106822
3321	-0.579893439
3322	-0.579835931
3323	-0.580029641
3324	-0.579639195
3325	-0.579313824
3326	-0.578958185
3327	-0.578823497
3328	-0.578868897
3329	-0.579053527
3330	-0.578888571
3331	-0.579247236
3332	-0.579433379
3333	-0.57926691
3334	-0.579460619
3335	-0.579468186
3336	-0.579628602
3337	-0.579733023
3338	-0.579605901
3339	-0.579608928
3340	-0.579619521
3341	-0.579575634
3342	-0.579495426
3343	-0.579433379
3344	-0.579468186
3345	-0.579404625
3346	-0.579327444
3347	-0.578952132
3348	-0.578762963
3349	-0.578551093
3350	-0.578481479
3351	-0.578476939
3352	-0.578363437
3353	-0.578219668
3354	-0.57811676
3355	-0.578269609
3356	-0.578219668
3357	-0.5785859
3358	-0.578584387
3359	-0.578598007
3360	-0.578664595
3361	-0.578720589
3362	-0.578728155
3363	-0.578956672
3364	-0.57904596
3365	-0.579177622
3366	-0.579366791
3367	-0.579760263
3368	-0.580436733
3369	-0.580597149
3370	-0.580790858
3371	-0.581052668
3372	-0.581258485
3373	-0.581137416
3374	-0.580970947
3375	-0.580930087
3376	-0.580642549
3377	-0.579981213
3378	-0.57928053
3379	-0.579079254
3380	-0.578749342
3381	-0.578051686
3382	-0.57790489
3383	-0.577985098
3384	-0.577915484
3385	-0.577750528
3386	-0.57788673
3387	-0.577677887
3388	-0.577677887
3389	-0.577596166
3390	-0.577473584
3391	-0.577770202
3392	-0.578016879
3393	-0.578078926
3394	-0.578419431
3395	-0.57906866
3396	-0.578999046
3397	-0.579061094
3398	-0.579226049
3399	-0.579521153
3400	-0.579525693
3401	-0.579804151
3402	-0.579905545
3403	-0.580003914
3404	-0.579893439
3405	-0.579206376
3406	-0.579336524
3407	-0.579593794
3408	-0.579584714
3409	-0.579453052
3410	-0.579578661
3411	-0.579755723
3412	-0.579286583
3413	-0.579115574
3414	-0.579129194
3415	-0.57926691
3416	-0.578994506
3417	-0.578764476
3418	-0.578887058
3419	-0.578657028
3420	-0.578476939
3421	-0.577950291
3422	-0.578153081
3423	-0.578092546
3424	-0.578330143
3425	-0.578472398
3426	-0.578481479
3427	-0.578932458
3428	-0.578852251
3429	-0.578947592
3430	-0.579047473
3431	-0.57906412
3432	-0.579201835
3433	-0.579218482
3434	-0.57884771
3435	-0.578419431
3436	-0.578749342
3437	-0.578664595
3438	-0.578620707
3439	-0.57878415
3440	-0.578950619
3441	-0.579216969
3442	-0.579067147
3443	-0.578856791
3444	-0.579123141
3445	-0.579630115
3446	-0.579611955
3447	-0.579622548
3448	-0.579670975
3449	-0.579798097
3450	-0.579778424
3451	-0.579823824
3452	-0.580052341
3453	-0.580162816
3454	-0.580176436
3455	-0.580084121
3456	-0.580046287
3457	-0.580146169
3458	-0.580574448
3459	-0.580591095
3460	-0.580700057
3461	-0.580781778
3462	-0.580751511
3463	-0.580961867
3464	-0.581099582
3465	-0.581119256
3466	-0.581181304
3467	-0.581181304
3468	-0.581264538
3469	-0.581101096
3470	-0.581253945
3471	-0.58114801
3472	-0.580798425
3473	-0.580733351
3474	-0.58071973
3475	-0.580589582
3476	-0.580645576
3477	-0.580326258
3478	-0.580138602
3479	-0.579908572
3480	-0.579940353
3481	-0.57997062
3482	-0.580038721
3483	-0.58043976
3484	-0.580341392
3485	-0.580356525
3486	-0.580299018
3487	-0.580503321
3488	-0.580441273
3489	-0.580586555
3490	-0.580361065
3491	-0.580249077
3492	-0.580386792
3493	-0.579896465
3494	-0.579705783
3495	-0.579681569
3496	-0.579790531
3497	-0.579976673
3498	-0.579940353
3499	-0.58002056
3500	-0.579858631
3501	-0.579565041
3502	-0.579192755
3503	-0.579460619
3504	-0.579601361
3505	-0.579683082
3506	-0.579472726
3507	-0.579219996
3508	-0.579008126
3509	-0.57880231
3510	-0.578985426
3511	-0.579106494
3512	-0.579391005
3513	-0.579245723
3514	-0.579026286
3515	-0.57905958
3516	-0.579212429
3517	-0.57928507
3518	-0.579259343
3519	-0.579720916
3520	-0.579813231
3521	-0.580061421
3522	-0.58068795
3523	-0.581299345
3524	-0.581724598
3525	-0.581759405
3526	-0.582033322
3527	-0.582102937
3528	-0.582652284
3529	-0.582562996
3530	-0.582572077
3531	-0.582650771
3532	-0.582157417
3533	-0.581868367
3534	-0.581919821
3535	-0.581950088
3536	-0.581361393
3537	-0.581323559
3538	-0.580743944
3539	-0.580769671
3540	-0.580571422
3541	-0.580303558
3542	-0.580483647
3543	-0.580509374
3544	-0.580135575
3545	-0.579953973
3546	-0.580308098
3547	-0.580403439
3548	-0.580519968
3549	-0.580606229
3550	-0.580863499
3551	-0.581111689
3552	-0.58116617
3553	-0.580955814
3554	-0.581060235
3555	-0.58091798
3556	-0.581125309
3557	-0.581172223
3558	-0.581421927
3559	-0.581444627
3560	-0.581447654
3561	-0.581450681
3562	-0.58118433
3563	-0.581296319
3564	-0.581402253
3565	-0.58165347
3566	-0.581458247
3567	-0.5813735
3568	-0.581606556
3569	-0.581231244
3570	-0.581187357
3571	-0.580839285
3572	-0.580901333
3573	-0.580690977
3574	-0.580585042
3575	-0.580757564
3576	-0.580686437
3577	-0.580972461
3578	-0.580618336
3579	-0.580748484
3580	-0.580948247
3581	-0.581140443
3582	-0.580837772
3583	-0.580952787
3584	-0.580852906
3585	-0.580488187
3586	-0.580648603
3587	-0.580395872
3588	-0.580308098
3589	-0.580473054
3590	-0.580473054
3591	-0.580619849
3592	-0.580771184
3593	-0.580731837
3594	-0.581032995
3595	-0.581285725
3596	-0.581263025
3597	-0.581329612
3598	-0.581108663
3599	-0.580798425
3600	-0.580798425