#1
double level(1798,2)  # Flow variation
0	24.65206211
1	24.64438179
2	24.64867737
3	24.64505844
4	24.62519261
5	24.61501308
6	24.59916325
7	24.57793206
8	24.56134983
9	24.55057066
10	24.54565822
11	24.5454026
12	24.55057187
13	24.56076325
14	24.5756118
15	24.58830091
16	24.60070812
17	24.61032661
18	24.61844094
19	24.62446607
20	24.63420719
21	24.64596079
22	24.65856468
23	24.68213884
24	24.71404604
25	24.74151478
26	24.77069257
27	24.80548836
28	24.84116606
29	24.86812905
30	24.88743771
31	24.90915936
32	24.9312776
33	24.94676141
34	24.95649093
35	24.97882208
36	25.01253565
37	25.04508716
38	25.07544727
39	25.11503123
40	25.16270089
41	25.20472034
42	25.23827409
43	25.27168874
44	25.3130797
45	25.35009395
46	25.37678505
47	25.40662004
48	25.44611854
49	25.48811817
50	25.52537024
51	25.565448
52	25.61475569
53	25.66854679
54	25.71455511
55	25.7523705
56	25.7915327
57	25.82810857
58	25.85689686
59	25.87955473
60	25.90518081
61	25.9342967
62	25.96464224
63	25.99380084
64	26.02818747
65	26.06709757
66	26.10703976
67	26.14603574
68	26.18890352
69	26.23039511
70	26.26800716
71	26.30129286
72	26.33052339
73	26.36395831
74	26.39292389
75	26.42001149
76	26.44646105
77	26.47443028
78	26.50002759
79	26.52708836
80	26.55460234
81	26.58279139
82	26.60940587
83	26.62736187
84	26.6413619
85	26.6546824
86	26.66702497
87	26.67885655
88	26.68795496
89	26.69384886
90	26.69974236
91	26.70783421
92	26.71533955
93	26.72258099
94	26.72847375
95	26.7317367
96	26.73477699
97	26.73711279
98	26.73988831
99	26.74311455
100	26.74672464
101	26.75017863
102	26.75552423
103	26.75752363
104	26.75489074
105	26.74821996
106	26.74062032
107	26.73815352
108	26.7366113
109	26.72804426
110	26.71309357
111	26.69607048
112	26.68449627
113	26.67906811
114	26.67831888
115	26.67583073
116	26.66684267
117	26.64982241
118	26.63006153
119	26.61445623
120	26.59798482
121	26.58052981
122	26.55674192
123	26.53105042
124	26.50275876
125	26.47738903
126	26.45932618
127	26.44531187
128	26.43083581
129	26.41198115
130	26.39486723
131	26.38038991
132	26.36582751
133	26.34613004
134	26.32384056
135	26.30422701
136	26.28738979
137	26.26806595
138	26.24560916
139	26.22525324
140	26.20632611
141	26.18630176
142	26.16359849
143	26.1405477
144	26.1184205
145	26.09528474
146	26.06985135
147	26.04727583
148	26.02762879
149	26.00813636
150	25.98964935
151	25.97198308
152	25.956805
153	25.94346356
154	25.93194724
155	25.91723614
156	25.89530042
157	25.86880811
158	25.84589498
159	25.82963596
160	25.81065817
161	25.78455785
162	25.75559665
163	25.73113776
164	25.71170526
165	25.69705666
166	25.68632895
167	25.67697723
168	25.66313278
169	25.64504307
170	25.6315157
171	25.62414174
172	25.6177102
173	25.60856647
174	25.5982726
175	25.58894171
176	25.58125692
177	25.57358505
178	25.56860985
179	25.56599681
180	25.56371459
181	25.56008023
182	25.55436118
183	25.54523078
184	25.53527163
185	25.52836661
186	25.52430864
187	25.51793455
188	25.50831462
189	25.50173969
190	25.50078172
191	25.50026085
192	25.4952978
193	25.49324406
194	25.50013267
195	25.50855412
196	25.5114279
197	25.51455005
198	25.52330879
199	25.53188033
200	25.53343579
201	25.53251353
202	25.53962095
203	25.55267531
204	25.55769532
205	25.55570292
206	25.55753937
207	25.56643155
208	25.57415571
209	25.57774822
210	25.58320693
211	25.59409302
212	25.60436891
213	25.60882982
214	25.61595899
215	25.62898094
216	25.64144986
217	25.6480277
218	25.65303563
219	25.66266608
220	25.67460816
221	25.68254837
222	25.68862189
223	25.69840555
224	25.71070212
225	25.72238403
226	25.73186062
227	25.73988919
228	25.74823938
229	25.75526608
230	25.76123257
231	25.76813526
232	25.77447236
233	25.77861708
234	25.78266178
235	25.7879666
236	25.79720178
237	25.80967375
238	25.82300322
239	25.83585696
240	25.84759164
241	25.85755661
242	25.86833065
243	25.87850994
244	25.88752038
245	25.89295775
246	25.89411739
247	25.89191238
248	25.89044806
249	25.89170666
250	25.89445743
251	25.89711234
252	25.89850665
253	25.90080785
254	25.90381423
255	25.90791215
256	25.91357222
257	25.92079773
258	25.92594616
259	25.92919938
260	25.93174162
261	25.93505328
262	25.93715695
263	25.93726071
264	25.93733602
265	25.9397328
266	25.94054114
267	25.93847973
268	25.93607719
269	25.93459085
270	25.93329484
271	25.93069402
272	25.92944837
273	25.92933272
274	25.92763387
275	25.92264014
276	25.91765924
277	25.91413431
278	25.91286517
279	25.90945473
280	25.90235173
281	25.89379471
282	25.88453939
283	25.87674017
284	25.8704954
285	25.86339892
286	25.85440165
287	25.84600933
288	25.83907036
289	25.83425587
290	25.83078171
291	25.82691794
292	25.82190772
293	25.81611944
294	25.81109726
295	25.807092
296	25.80292645
297	25.79821203
298	25.792887
299	25.78502432
300	25.77320666
301	25.76425797
302	25.76113079
303	25.75969801
304	25.75416503
305	25.74714665
306	25.74265524
307	25.74019704
308	25.73579566
309	25.73055728
310	25.72905062
311	25.72820063
312	25.72321642
313	25.71471757
314	25.70734425
315	25.70257919
316	25.69985321
317	25.6966451
318	25.69441704
319	25.69312555
320	25.69242662
321	25.69164684
322	25.6923153
323	25.69199742
324	25.6903078
325	25.68519032
326	25.68031465
327	25.67852275
328	25.67681181
329	25.67282925
330	25.66820049
331	25.66560427
332	25.66423785
333	25.6636156
334	25.66475886
335	25.66824726
336	25.66943457
337	25.66719341
338	25.66625795
339	25.66954018
340	25.67169807
341	25.66983475
342	25.66632625
343	25.66576781
344	25.66668606
345	25.66750269
346	25.66905638
347	25.67186158
348	25.67320955
349	25.67179248
350	25.67067544
351	25.67273961
352	25.67702435
353	25.67945784
354	25.67946215
355	25.67866983
356	25.67950754
357	25.68191748
358	25.6839193
359	25.68585915
360	25.68842916
361	25.69201893
362	25.69457546
363	25.6958765
364	25.69489221
365	25.69382069
366	25.69503817
367	25.6969289
368	25.69600845
369	25.69260455
370	25.69195162
371	25.69739866
372	25.70511473
373	25.70670279
374	25.70742993
375	25.71394974
376	25.72320014
377	25.72905558
378	25.7300235
379	25.73104002
380	25.73467924
381	25.73570245
382	25.73309339
383	25.7358321
384	25.742686
385	25.74562082
386	25.74341137
387	25.74151842
388	25.74758617
389	25.75919909
390	25.76686015
391	25.76710393
392	25.7648346
393	25.7652028
394	25.76856224
395	25.77097808
396	25.7701854
397	25.77014747
398	25.77336753
399	25.77643846
400	25.77681309
401	25.77516936
402	25.77584778
403	25.77918415
404	25.78227428
405	25.78231972
406	25.78011968
407	25.77742227
408	25.7761453
409	25.77502056
410	25.77357092
411	25.77301101
412	25.77663222
413	25.78016909
414	25.77881729
415	25.77798329
416	25.78615896
417	25.7966263
418	25.79592256
419	25.78542252
420	25.78272518
421	25.79424113
422	25.80453984
423	25.80207502
424	25.795666
425	25.79632033
426	25.79754562
427	25.79358425
428	25.79099542
429	25.79709712
430	25.8016195
431	25.79615053
432	25.78675698
433	25.7840412
434	25.78844165
435	25.79042366
436	25.78716763
437	25.78352385
438	25.78096671
439	25.77878776
440	25.77867107
441	25.77601257
442	25.76972416
443	25.7671356
444	25.7694534
445	25.76884755
446	25.76022189
447	25.75063855
448	25.75038454
449	25.75815514
450	25.76256089
451	25.76091329
452	25.76127197
453	25.7641166
454	25.76494563
455	25.76004038
456	25.75742037
457	25.76130509
458	25.76420601
459	25.75873352
460	25.74757949
461	25.74287428
462	25.7446228
463	25.745073
464	25.74022864
465	25.73928016
466	25.74582989
467	25.75499171
468	25.75596668
469	25.74946998
470	25.74489914
471	25.74573466
472	25.74612118
473	25.74020314
474	25.73108394
475	25.72599302
476	25.72506278
477	25.72201847
478	25.7197817
479	25.72080706
480	25.72554241
481	25.73119499
482	25.73321038
483	25.73004525
484	25.7266326
485	25.7296239
486	25.73122518
487	25.7260431
488	25.71817918
489	25.71727117
490	25.71964906
491	25.71771146
492	25.71420881
493	25.71953526
494	25.73105525
495	25.73190636
496	25.72361433
497	25.72025687
498	25.72606638
499	25.72775027
500	25.71980073
501	25.71173254
502	25.71371806
503	25.72126091
504	25.7248354
505	25.72420315
506	25.72664118
507	25.73374875
508	25.74111536
509	25.74560871
510	25.74808842
511	25.74892599
512	25.74814071
513	25.74464935
514	25.7389378
515	25.73660334
516	25.74037897
517	25.74417208
518	25.74218269
519	25.73826594
520	25.7398492
521	25.74654647
522	25.74984993
523	25.74971727
524	25.75168602
525	25.7558828
526	25.75587986
527	25.7525717
528	25.75119888
529	25.75411811
530	25.75754139
531	25.75803278
532	25.75904349
533	25.76057956
534	25.76068634
535	25.75908721
536	25.75903864
537	25.75990293
538	25.7607396
539	25.76263136
540	25.76266414
541	25.7573487
542	25.74987285
543	25.74701843
544	25.74822732
545	25.74699524
546	25.74486192
547	25.74605316
548	25.74862541
549	25.74631718
550	25.74223024
551	25.74727499
552	25.75657623
553	25.75919267
554	25.75487085
555	25.75421739
556	25.75734383
557	25.75936925
558	25.75646085
559	25.7518733
560	25.75207711
561	25.75699252
562	25.76018902
563	25.76029692
564	25.76207727
565	25.76778254
566	25.77233379
567	25.77062608
568	25.76717943
569	25.76948243
570	25.7739772
571	25.7716041
572	25.76242297
573	25.75446206
574	25.75363918
575	25.75771287
576	25.76103197
577	25.76049023
578	25.75703964
579	25.75394705
580	25.75203712
581	25.750278
582	25.75066842
583	25.7522683
584	25.75216786
585	25.74751993
586	25.74098347
587	25.73768324
588	25.74175058
589	25.74931336
590	25.7525069
591	25.74896816
592	25.74593204
593	25.74943484
594	25.75252726
595	25.74653079
596	25.73878944
597	25.73999639
598	25.74643835
599	25.74599827
600	25.73990484
601	25.74122477
602	25.74718099
603	25.74865657
604	25.74545158
605	25.74937872
606	25.75683021
607	25.75730084
608	25.74965625
609	25.74592698
610	25.75009638
611	25.75303598
612	25.74974241
613	25.74591974
614	25.74470442
615	25.74344706
616	25.73960191
617	25.73608723
618	25.73699842
619	25.73760602
620	25.73405656
621	25.73079065
622	25.73292348
623	25.73561098
624	25.73625405
625	25.73604379
626	25.73796315
627	25.74147963
628	25.74269994
629	25.74389097
630	25.74781852
631	25.75211484
632	25.75289847
633	25.75292795
634	25.75775256
635	25.76484666
636	25.76814528
637	25.76513715
638	25.76203625
639	25.76508688
640	25.77173988
641	25.77148074
642	25.7654546
643	25.76336075
644	25.76250132
645	25.75545317
646	25.74563893
647	25.74314692
648	25.74762983
649	25.74706964
650	25.74186339
651	25.74225605
652	25.75185997
653	25.76007464
654	25.76155724
655	25.76396622
656	25.77281339
657	25.78024428
658	25.78027824
659	25.77800618
660	25.77646485
661	25.77428533
662	25.76882322
663	25.76269282
664	25.76252039
665	25.76479145
666	25.76530991
667	25.76600477
668	25.76926174
669	25.77307403
670	25.77247705
671	25.76994274
672	25.768149
673	25.76727577
674	25.7656011
675	25.76584655
676	25.76468492
677	25.75971491
678	25.75355061
679	25.75139833
680	25.75484
681	25.75875926
682	25.76043592
683	25.75900439
684	25.75622532
685	25.75481465
686	25.75514615
687	25.75410845
688	25.74952036
689	25.74274051
690	25.73890095
691	25.73867782
692	25.73934773
693	25.74053115
694	25.74543001
695	25.75068295
696	25.75277444
697	25.75151794
698	25.75392972
699	25.75961888
700	25.76490822
701	25.76485865
702	25.75942165
703	25.75541397
704	25.75566832
705	25.75622956
706	25.75327957
707	25.75081038
708	25.75234261
709	25.75931877
710	25.76329253
711	25.76155942
712	25.76155268
713	25.7653376
714	25.76612719
715	25.76154693
716	25.75807621
717	25.76240004
718	25.76727933
719	25.76276175
720	25.75256055
721	25.74954247
722	25.7559985
723	25.7573576
724	25.74842536
725	25.74462164
726	25.75345737
727	25.76343112
728	25.76086712
729	25.75062567
730	25.74936775
731	25.75604153
732	25.75855901
733	25.75757459
734	25.76272391
735	25.77010219
736	25.7728936
737	25.76928677
738	25.76459006
739	25.76800901
740	25.77272736
741	25.77060887
742	25.76296088
743	25.7612289
744	25.76420331
745	25.76195152
746	25.75203191
747	25.74433229
748	25.7501869
749	25.75900756
750	25.7581056
751	25.7512417
752	25.75346387
753	25.76140562
754	25.76323445
755	25.75848264
756	25.75702781
757	25.76259978
758	25.76662641
759	25.76491332
760	25.76311052
761	25.76674769
762	25.77133217
763	25.76932771
764	25.76285977
765	25.75939169
766	25.76116245
767	25.76302246
768	25.76081289
769	25.75386518
770	25.74429154
771	25.73817043
772	25.73484364
773	25.73260458
774	25.73167046
775	25.7336445
776	25.73580303
777	25.73528027
778	25.73267312
779	25.73464634
780	25.7454194
781	25.75631256
782	25.76121707
783	25.76248425
784	25.76418783
785	25.76530475
786	25.76283539
787	25.75664546
788	25.75144197
789	25.75101051
790	25.75234756
791	25.74960576
792	25.7405516
793	25.73453914
794	25.73265615
795	25.73339319
796	25.73424199
797	25.73721039
798	25.74170288
799	25.74570185
800	25.74537895
801	25.74548426
802	25.74918686
803	25.75476934
804	25.76138169
805	25.76294662
806	25.75867814
807	25.75671879
808	25.76117933
809	25.76276633
810	25.76060425
811	25.75773818
812	25.75693779
813	25.75395462
814	25.74903521
815	25.74923332
816	25.75588567
817	25.76054102
818	25.75744548
819	25.75321053
820	25.75217837
821	25.75401389
822	25.75586171
823	25.75689259
824	25.75789525
825	25.75907941
826	25.76203148
827	25.7642438
828	25.76542648
829	25.76442412
830	25.7647877
831	25.76571403
832	25.76380907
833	25.75755784
834	25.74928271
835	25.74180293
836	25.73552446
837	25.73027369
838	25.72624973
839	25.72735227
840	25.73378472
841	25.73954472
842	25.74447553
843	25.74908825
844	25.75498739
845	25.76166732
846	25.76506957
847	25.76447898
848	25.76393488
849	25.76330377
850	25.75721188
851	25.74559743
852	25.73842491
853	25.74109042
854	25.74531846
855	25.74372586
856	25.7400546
857	25.73903508
858	25.73878271
859	25.73715973
860	25.73504258
861	25.73522016
862	25.733356
863	25.72661594
864	25.72019268
865	25.71733818
866	25.71874267
867	25.72201706
868	25.72653186
869	25.72908992
870	25.72957326
871	25.73129589
872	25.73513748
873	25.73842163
874	25.74106939
875	25.7440333
876	25.74401877
877	25.73846004
878	25.73051283
879	25.72724783
880	25.73070426
881	25.73534007
882	25.73602911
883	25.73835687
884	25.74420124
885	25.75164837
886	25.7541386
887	25.7547521
888	25.75655042
889	25.76121264
890	25.7626282
891	25.76071148
892	25.75654927
893	25.75328326
894	25.75185662
895	25.74879895
896	25.74581876
897	25.74525513
898	25.74862649
899	25.75125484
900	25.75067769
901	25.74476189
902	25.74116551
903	25.74487444
904	25.74871195
905	25.74418008
906	25.73834103
907	25.73891037
908	25.74540355
909	25.75025814
910	25.75229573
911	25.75725612
912	25.76722288
913	25.77395003
914	25.77358132
915	25.77240114
916	25.77273517
917	25.7724062
918	25.76695568
919	25.75607886
920	25.74607588
921	25.74421978
922	25.74554132
923	25.74260923
924	25.7379309
925	25.74089464
926	25.75174457
927	25.75950026
928	25.75811248
929	25.75644773
930	25.76207058
931	25.76684536
932	25.76269972
933	25.75279349
934	25.74687809
935	25.7483666
936	25.74943505
937	25.74757664
938	25.74861806
939	25.75750717
940	25.76563782
941	25.76574419
942	25.76460613
943	25.76725571
944	25.76999862
945	25.76386674
946	25.75564535
947	25.75145729
948	25.75006284
949	25.74678037
950	25.74518717
951	25.7484563
952	25.75453165
953	25.76007781
954	25.76530149
955	25.76883313
956	25.76708459
957	25.76413103
958	25.76530097
959	25.76652796
960	25.76093114
961	25.75246761
962	25.74653773
963	25.74483363
964	25.74344591
965	25.74575684
966	25.75419192
967	25.76469581
968	25.76916273
969	25.76760681
970	25.76564712
971	25.77039379
972	25.77694535
973	25.77856964
974	25.77516631
975	25.77100227
976	25.76944648
977	25.76838791
978	25.76591704
979	25.76251557
980	25.76391398
981	25.76815581
982	25.77018834
983	25.76855812
984	25.76878306
985	25.77099406
986	25.76964723
987	25.76161886
988	25.75442561
989	25.75433929
990	25.75498134
991	25.74821904
992	25.73897339
993	25.73596021
994	25.73920129
995	25.74360034
996	25.74731576
997	25.75445121
998	25.76217997
999	25.76665858
1000	25.76863612
1001	25.77017447
1002	25.76879671
1003	25.76541528
1004	25.76388122
1005	25.76242418
1006	25.75864395
1007	25.75118963
1008	25.74603272
1009	25.74322538
1010	25.73986745
1011	25.73864123
1012	25.74111739
1013	25.74612626
1014	25.74776763
1015	25.74570604
1016	25.74362661
1017	25.74387547
1018	25.74406697
1019	25.74396182
1020	25.7443164
1021	25.74547216
1022	25.75100018
1023	25.75603691
1024	25.75590053
1025	25.75422637
1026	25.75726753
1027	25.7643306
1028	25.76681424
1029	25.76428073
1030	25.76241506
1031	25.76287739
1032	25.75946326
1033	25.75215848
1034	25.74434502
1035	25.74058238
1036	25.73958579
1037	25.7369441
1038	25.73609501
1039	25.73898611
1040	25.74380486
1041	25.74457791
1042	25.74041005
1043	25.7356391
1044	25.73832646
1045	25.74383114
1046	25.74446993
1047	25.73908216
1048	25.73932328
1049	25.74470407
1050	25.74678351
1051	25.74030489
1052	25.7343378
1053	25.73946564
1054	25.74724774
1055	25.74734286
1056	25.74260575
1057	25.74413102
1058	25.7451284
1059	25.74006902
1060	25.73374892
1061	25.73553479
1062	25.74176065
1063	25.73843501
1064	25.72785408
1065	25.72472895
1066	25.73123813
1067	25.73920389
1068	25.73981068
1069	25.73808603
1070	25.73950761
1071	25.74383056
1072	25.74569938
1073	25.74547017
1074	25.74802057
1075	25.75045468
1076	25.74870983
1077	25.74229921
1078	25.74121485
1079	25.74479451
1080	25.74606685
1081	25.74032296
1082	25.73690083
1083	25.73933573
1084	25.74165567
1085	25.74123796
1086	25.74028723
1087	25.74230635
1088	25.74339482
1089	25.74217835
1090	25.73927342
1091	25.73966784
1092	25.74418378
1093	25.74992567
1094	25.75251713
1095	25.75143884
1096	25.75187983
1097	25.7553502
1098	25.75725792
1099	25.75479399
1100	25.75121275
1101	25.75184687
1102	25.75222201
1103	25.74948545
1104	25.7448691
1105	25.74217789
1106	25.74343683
1107	25.74523896
1108	25.74494628
1109	25.74588153
1110	25.75201293
1111	25.75666204
1112	25.75604326
1113	25.75417063
1114	25.7554278
1115	25.75649554
1116	25.75312347
1117	25.74906757
1118	25.74869165
1119	25.7477213
1120	25.74478169
1121	25.74608008
1122	25.7504729
1123	25.74941153
1124	25.74580054
1125	25.74774439
1126	25.75220234
1127	25.75003177
1128	25.74369449
1129	25.74640818
1130	25.75399629
1131	25.75078594
1132	25.73808873
1133	25.73531111
1134	25.74364722
1135	25.74689865
1136	25.74297805
1137	25.74228203
1138	25.74981375
1139	25.75380589
1140	25.7466508
1141	25.74258722
1142	25.75417932
1143	25.76672428
1144	25.76451964
1145	25.75717531
1146	25.75693664
1147	25.76129629
1148	25.76005609
1149	25.7550531
1150	25.75777897
1151	25.76617693
1152	25.76773903
1153	25.76335536
1154	25.76532429
1155	25.77138262
1156	25.77107005
1157	25.76160527
1158	25.75217735
1159	25.7493206
1160	25.74919133
1161	25.74638777
1162	25.74201564
1163	25.73912876
1164	25.73730833
1165	25.74003303
1166	25.74749003
1167	25.7573472
1168	25.76430174
1169	25.76661273
1170	25.76903298
1171	25.77116703
1172	25.76815944
1173	25.7632824
1174	25.76125142
1175	25.75704275
1176	25.74967791
1177	25.74552394
1178	25.74911417
1179	25.75338532
1180	25.75045658
1181	25.74477235
1182	25.74718328
1183	25.75166527
1184	25.74837598
1185	25.74321552
1186	25.74446774
1187	25.74465079
1188	25.74114061
1189	25.74096166
1190	25.74686169
1191	25.75441833
1192	25.75961585
1193	25.76635098
1194	25.77815696
1195	25.78671881
1196	25.78450193
1197	25.77864234
1198	25.77647939
1199	25.77603103
1200	25.77385632
1201	25.7694518
1202	25.76395226
1203	25.76061879
1204	25.75979732
1205	25.76281507
1206	25.76987152
1207	25.77564939
1208	25.77554082
1209	25.77330528
1210	25.7748422
1211	25.77538012
1212	25.7713096
1213	25.76573826
1214	25.76147035
1215	25.75725046
1216	25.75512704
1217	25.75821408
1218	25.76290843
1219	25.76561189
1220	25.76615676
1221	25.76897555
1222	25.77247417
1223	25.77131578
1224	25.76895188
1225	25.76795817
1226	25.76404302
1227	25.75590798
1228	25.75075239
1229	25.75094364
1230	25.75072687
1231	25.7491331
1232	25.75006035
1233	25.75426217
1234	25.75582328
1235	25.75361294
1236	25.75289306
1237	25.75782231
1238	25.761283
1239	25.75651244
1240	25.74688321
1241	25.74170759
1242	25.74153889
1243	25.74354605
1244	25.74306714
1245	25.74052828
1246	25.73942736
1247	25.73916481
1248	25.74285401
1249	25.74745515
1250	25.75110957
1251	25.75319735
1252	25.75616847
1253	25.75505575
1254	25.75153448
1255	25.75324125
1256	25.76015828
1257	25.76300329
1258	25.75801742
1259	25.75659641
1260	25.76396765
1261	25.77146006
1262	25.76960744
1263	25.76566393
1264	25.7690183
1265	25.77178496
1266	25.76803652
1267	25.76350344
1268	25.76372881
1269	25.76596876
1270	25.76403451
1271	25.75866561
1272	25.75684076
1273	25.76061942
1274	25.76224401
1275	25.75978049
1276	25.7561557
1277	25.75788246
1278	25.76213853
1279	25.76356623
1280	25.75961812
1281	25.75494805
1282	25.7524863
1283	25.7505315
1284	25.74870786
1285	25.74812121
1286	25.7477057
1287	25.74535598
1288	25.74247591
1289	25.73903137
1290	25.73805267
1291	25.73883794
1292	25.73972036
1293	25.74275553
1294	25.74619115
1295	25.74570723
1296	25.74517498
1297	25.7492932
1298	25.75415885
1299	25.75531662
1300	25.75505612
1301	25.75882432
1302	25.76631283
1303	25.76778398
1304	25.76136156
1305	25.75866751
1306	25.76306697
1307	25.76161845
1308	25.750579
1309	25.7438775
1310	25.74896068
1311	25.75579034
1312	25.75075987
1313	25.73866276
1314	25.73536087
1315	25.74291995
1316	25.74867196
1317	25.74892433
1318	25.74921999
1319	25.75163001
1320	25.75257203
1321	25.74906608
1322	25.74542006
1323	25.74894501
1324	25.75600133
1325	25.75710733
1326	25.7514059
1327	25.74625629
1328	25.74744905
1329	25.74984209
1330	25.74895597
1331	25.74590524
1332	25.74407413
1333	25.74364271
1334	25.74366298
1335	25.743186
1336	25.74617032
1337	25.75052451
1338	25.75406356
1339	25.75476757
1340	25.75093536
1341	25.7449687
1342	25.74433196
1343	25.75191215
1344	25.75928654
1345	25.75755077
1346	25.74876853
1347	25.74351934
1348	25.74207028
1349	25.73957745
1350	25.73893996
1351	25.74432935
1352	25.75310188
1353	25.75301849
1354	25.74469465
1355	25.74265235
1356	25.75007475
1357	25.75938439
1358	25.76402547
1359	25.76688003
1360	25.76946429
1361	25.77050718
1362	25.76553738
1363	25.76275034
1364	25.76676224
1365	25.77295049
1366	25.77312236
1367	25.76779784
1368	25.76529208
1369	25.76516713
1370	25.7633395
1371	25.76092236
1372	25.76075864
1373	25.76007437
1374	25.75474855
1375	25.74963518
1376	25.75136435
1377	25.7552084
1378	25.75241738
1379	25.74792377
1380	25.74939815
1381	25.75553751
1382	25.76109374
1383	25.76370048
1384	25.76741187
1385	25.7695038
1386	25.76777372
1387	25.76329588
1388	25.75885676
1389	25.75784466
1390	25.75849137
1391	25.75697486
1392	25.75139308
1393	25.74623501
1394	25.74338768
1395	25.74262701
1396	25.73870786
1397	25.73465987
1398	25.73525327
1399	25.74010285
1400	25.74486471
1401	25.74681332
1402	25.74574795
1403	25.74619841
1404	25.7497147
1405	25.75380981
1406	25.75798941
1407	25.76194338
1408	25.76589356
1409	25.76509689
1410	25.75880601
1411	25.75349809
1412	25.75659922
1413	25.75869651
1414	25.75213797
1415	25.74396696
1416	25.74212215
1417	25.74500907
1418	25.74866848
1419	25.7494086
1420	25.74912009
1421	25.74911979
1422	25.7506534
1423	25.75405604
1424	25.75856966
1425	25.75962413
1426	25.7550767
1427	25.74901364
1428	25.74819626
1429	25.75065187
1430	25.74593746
1431	25.73541376
1432	25.72996339
1433	25.73191265
1434	25.73543982
1435	25.7361473
1436	25.7388028
1437	25.7446926
1438	25.74856391
1439	25.74668075
1440	25.7479389
1441	25.75644907
1442	25.76238335
1443	25.76074176
1444	25.75326802
1445	25.74938504
1446	25.74905609
1447	25.74774307
1448	25.74238902
1449	25.74079158
1450	25.74493348
1451	25.7505527
1452	25.75104833
1453	25.74588566
1454	25.74444689
1455	25.75028285
1456	25.75568371
1457	25.75408348
1458	25.7470185
1459	25.7413473
1460	25.7399488
1461	25.73726257
1462	25.73543604
1463	25.73782331
1464	25.74334569
1465	25.74261781
1466	25.74087417
1467	25.74518214
1468	25.75598992
1469	25.76211668
1470	25.76144839
1471	25.75926827
1472	25.75774516
1473	25.75612544
1474	25.75196318
1475	25.75005036
1476	25.74964179
1477	25.74709657
1478	25.74268196
1479	25.7423103
1480	25.74622822
1481	25.74910606
1482	25.74739307
1483	25.74475776
1484	25.74776892
1485	25.75366101
1486	25.75248298
1487	25.74517345
1488	25.74233704
1489	25.74719262
1490	25.74937071
1491	25.74463849
1492	25.74210871
1493	25.74692335
1494	25.75219884
1495	25.75177247
1496	25.75092565
1497	25.75648467
1498	25.76035694
1499	25.75642834
1500	25.74892681
1501	25.74859891
1502	25.75470779
1503	25.7575807
1504	25.75302633
1505	25.75007358
1506	25.75714373
1507	25.76667874
1508	25.7696577
1509	25.76481275
1510	25.76197804
1511	25.76346253
1512	25.76471161
1513	25.76297846
1514	25.76019574
1515	25.75537204
1516	25.75088919
1517	25.74917918
1518	25.75085938
1519	25.7508253
1520	25.74960701
1521	25.75051059
1522	25.75238455
1523	25.75221569
1524	25.75061058
1525	25.75106586
1526	25.75251596
1527	25.75156882
1528	25.74776429
1529	25.74430386
1530	25.74531813
1531	25.74702057
1532	25.74422359
1533	25.74002419
1534	25.73650585
1535	25.73826886
1536	25.74043413
1537	25.73853417
1538	25.73549405
1539	25.73871997
1540	25.74446735
1541	25.74492125
1542	25.74679477
1543	25.75441682
1544	25.76948403
1545	25.77401816
1546	25.77036729
1547	25.76656646
1548	25.76552433
1549	25.76394911
1550	25.76154658
1551	25.76075215
1552	25.75506578
1553	25.74493465
1554	25.73864726
1555	25.74120623
1556	25.74347142
1557	25.74374434
1558	25.74765999
1559	25.75835743
1560	25.76499357
1561	25.76455547
1562	25.76453883
1563	25.76973328
1564	25.76991011
1565	25.76480163
1566	25.75952576
1567	25.75775143
1568	25.75776419
1569	25.75452223
1570	25.75112839
1571	25.74854989
1572	25.75056811
1573	25.7551265
1574	25.75833223
1575	25.75512356
1576	25.75071502
1577	25.75136537
1578	25.75370811
1579	25.75124427
1580	25.74436851
1581	25.73980569
1582	25.738658
1583	25.73771485
1584	25.73718605
1585	25.74228333
1586	25.75162409
1587	25.7566849
1588	25.75773492
1589	25.75958375
1590	25.76235351
1591	25.76285504
1592	25.75829484
1593	25.7491349
1594	25.73714174
1595	25.72093901
1596	25.69735273
1597	25.67009663
1598	25.64837386
1599	25.63413354
1600	25.62178287
1601	25.60825687
1602	25.59779149
1603	25.59209615
1604	25.58808251
1605	25.58298567
1606	25.57998609
1607	25.58464363
1608	25.58792137
1609	25.57649505
1610	25.55659254
1611	25.54290678
1612	25.53627838
1613	25.52848755
1614	25.51742768
1615	25.50948811
1616	25.50720886
1617	25.50173057
1618	25.48858711
1619	25.47600739
1620	25.4678633
1621	25.45545833
1622	25.42908624
1623	25.39358143
1624	25.35761084
1625	25.3263478
1626	25.29253857
1627	25.25231489
1628	25.2159817
1629	25.19136876
1630	25.17215202
1631	25.14816487
1632	25.12754626
1633	25.11632839
1634	25.10406696
1635	25.08039426
1636	25.05697723
1637	25.03836377
1638	25.00761966
1639	24.96849805
1640	24.93348566
1641	24.909064
1642	24.88435901
1643	24.84729282
1644	24.81678031
1645	24.79809791
1646	24.77102904
1647	24.73501254
1648	24.71755718
1649	24.70545021
1650	24.67804697
1651	24.64723739
1652	24.61852632
1653	24.58861297
1654	24.56080907
1655	24.53569686
1656	24.50645068
1657	24.48368906
1658	24.46223461
1659	24.43157211
1660	24.40633327
1661	24.3873135
1662	24.36036188
1663	24.33730945
1664	24.31268388
1665	24.27961383
1666	24.26078643
1667	24.24716262
1668	24.22355993
1669	24.20581684
1670	24.19758252
1671	24.18178216
1672	24.16839631
1673	24.1626537
1674	24.15407503
1675	24.14254358
1676	24.13306273
1677	24.11892203
1678	24.10411478
1679	24.09520609
1680	24.07994418
1681	24.06632672
1682	24.05776681
1683	24.04442963
1684	24.02902545
1685	24.02079869
1686	24.00952624
1687	24.00083357
1688	23.99907038
1689	23.99301685
1690	23.99196607
1691	23.99876451
1692	24.00236641
1693	24.01240058
1694	24.02970675
1695	24.04241272
1696	24.06173714
1697	24.08227734
1698	24.09306684
1699	24.1117153
1700	24.1303396
1701	24.13499994
1702	24.14711195
1703	24.16223015
1704	24.16655346
1705	24.17940702
1706	24.1955112
1707	24.20521147
1708	24.22525357
1709	24.24793055
1710	24.2640541
1711	24.29141632
1712	24.32576618
1713	24.35039182
1714	24.38813838
1715	24.42762878
1716	24.46235418
1717	24.51035898
1718	24.54898539
1719	24.58290873
1720	24.6317311
1721	24.67063348
1722	24.70088298
1723	24.73893202
1724	24.77141282
1725	24.80201181
1726	24.82882462
1727	24.85286545
1728	24.88977952
1729	24.9230904
1730	24.94914146
1731	24.98686647
1732	25.02793944
1733	25.06662064
1734	25.10399631
1735	25.14192326
1736	25.18648681
1737	25.22782783
1738	25.25951691
1739	25.2921303
1740	25.32771907
1741	25.36061545
1742	25.38536625
1743	25.40689087
1744	25.4341311
1745	25.46039791
1746	25.47865126
1747	25.49591927
1748	25.51802408
1749	25.54172327
1750	25.56213288
1751	25.57608214
1752	25.59118788
1753	25.61003202
1754	25.62600888
1755	25.63916839
1756	25.65333723
1757	25.67026343
1758	25.68848464
1759	25.70346654
1760	25.71250211
1761	25.7224878
1762	25.73688784
1763	25.74726486
1764	25.74981272
1765	25.74904325
1766	25.75037801
1767	25.74656322
1768	25.73770246
1769	25.72604733
1770	25.71808331
1771	25.71051114
1772	25.69863313
1773	25.68623755
1774	25.67799804
1775	25.67087375
1776	25.66232516
1777	25.65304492
1778	25.64121065
1779	25.62969954
1780	25.61683329
1781	25.60188053
1782	25.58513397
1783	25.56752154
1784	25.54818685
1785	25.52643065
1786	25.50205301
1787	25.4782517
1788	25.45304007
1789	25.42719553
1790	25.39767233
1791	25.36086365
1792	25.30877149
1793	25.25673739
1794	25.20846737
1795	25.15448173
1796	25.10513488
1797	25.07028384