#1
double level(3601,2)  # Flow variation
0	24.88679581
1	24.88659334
2	24.8865153
3	24.88669734
4	24.88714238
5	24.88778989
6	24.8885927
7	24.88927954
8	24.8898676
9	24.89010771
10	24.88996254
11	24.88953486
12	24.889121
13	24.88853341
14	24.88785594
15	24.88730014
16	24.88687953
17	24.88653358
18	24.8862629
19	24.88613801
20	24.88641698
21	24.88683498
22	24.88713639
23	24.88743487
24	24.88779572
25	24.88806579
26	24.88840206
27	24.8886984
28	24.88882068
29	24.88881991
30	24.88879748
31	24.88870316
32	24.88859824
33	24.8885987
34	24.88851313
35	24.88833216
36	24.88808991
37	24.88785333
38	24.88780955
39	24.88790403
40	24.88770401
41	24.88758634
42	24.8876716
43	24.88763565
44	24.88775578
45	24.88774549
46	24.88751414
47	24.88737327
48	24.8872811
49	24.88723178
50	24.88735084
51	24.88759417
52	24.88768942
53	24.88770048
54	24.8874298
55	24.8871539
56	24.88694759
57	24.88686402
58	24.88680288
59	24.88678844
60	24.88685081
61	24.88681148
62	24.88684144
63	24.88683806
64	24.88693315
65	24.8872304
66	24.88767191
67	24.88791862
68	24.888081
69	24.88806517
70	24.88795242
71	24.88784995
72	24.88761292
73	24.88744347
74	24.88756898
75	24.88778528
76	24.88800987
77	24.88840851
78	24.88855445
79	24.88874863
80	24.88902975
81	24.88926372
82	24.88967696
83	24.88995209
84	24.88992459
85	24.88983319
86	24.88966989
87	24.88954423
88	24.88975453
89	24.88995885
90	24.89026025
91	24.89047455
92	24.89047916
93	24.89077012
94	24.89111392
95	24.89137646
96	24.89146556
97	24.89126324
98	24.89084677
99	24.89042601
100	24.88979816
101	24.88912515
102	24.88853924
103	24.88786178
104	24.88731581
105	24.88697831
106	24.88699506
107	24.88729231
108	24.88784734
109	24.88842173
110	24.88902853
111	24.88964377
112	24.89005886
113	24.89029267
114	24.89009926
115	24.88959016
116	24.88894557
117	24.88826027
118	24.88766684
119	24.88718324
120	24.88703023
121	24.88711211
122	24.88740368
123	24.88770155
124	24.8881045
125	24.88851789
126	24.88879533
127	24.88881254
128	24.88846812
129	24.88806748
130	24.88760416
131	24.88698645
132	24.88635907
133	24.8858383
134	24.88551784
135	24.88547867
136	24.88556869
137	24.88576717
138	24.88625107
139	24.88673436
140	24.88692347
141	24.8871645
142	24.88745146
143	24.88773474
144	24.88788313
145	24.88771891
146	24.88734884
147	24.8871284
148	24.88686678
149	24.88646445
150	24.88633172
151	24.88616489
152	24.88614431
153	24.88617657
154	24.88624908
155	24.88637243
156	24.88670379
157	24.88692516
158	24.88718816
159	24.88749662
160	24.88761322
161	24.88755546
162	24.88738832
163	24.88721058
164	24.88729292
165	24.88745039
166	24.8875527
167	24.88768251
168	24.88771738
169	24.88763227
170	24.88754747
171	24.8877418
172	24.88802155
173	24.88830451
174	24.88832049
175	24.88827625
176	24.88826473
177	24.88828531
178	24.88816963
179	24.88826242
180	24.88843893
181	24.8885884
182	24.88875032
183	24.88886876
184	24.88902561
185	24.88923591
186	24.88945113
187	24.88962949
188	24.88991829
189	24.89008205
190	24.89004933
191	24.88975791
192	24.88935574
193	24.88902069
194	24.88872359
195	24.88834584
196	24.88803691
197	24.8877481
198	24.88747973
199	24.88718693
200	24.88708354
201	24.88717694
202	24.88733502
203	24.88738755
204	24.88728064
205	24.88717771
206	24.88697539
207	24.88668198
208	24.88617841
209	24.88591495
210	24.88593001
211	24.8861397
212	24.88627903
213	24.88648319
214	24.88688138
215	24.887502
216	24.88795103
217	24.88814782
218	24.88829729
219	24.88848579
220	24.88845844
221	24.88817686
222	24.88782599
223	24.88761199
224	24.88753027
225	24.88729892
226	24.88708293
227	24.88724315
228	24.88763811
229	24.88792246
230	24.88815335
231	24.88829345
232	24.8886093
233	24.88886507
234	24.88890563
235	24.88887291
236	24.88891223
237	24.88890425
238	24.88896815
239	24.88898444
240	24.88889887
241	24.88869486
242	24.88824936
243	24.88781047
244	24.88756207
245	24.88761338
246	24.88776976
247	24.88799389
248	24.88819575
249	24.88846197
250	24.88884894
251	24.88937463
252	24.88971582
253	24.88991752
254	24.88979494
255	24.88937202
256	24.88897384
257	24.88869717
258	24.88844124
259	24.88830436
260	24.88832971
261	24.88841497
262	24.88904573
263	24.88968694
264	24.89042693
265	24.89134696
266	24.8921421
267	24.89266256
268	24.8930821
269	24.89316536
270	24.89298455
271	24.8926323
272	24.89185222
273	24.89098211
274	24.89016823
275	24.88925127
276	24.88847457
277	24.88773412
278	24.88693637
279	24.88640899
280	24.88586764
281	24.88556869
282	24.88553551
283	24.88562077
284	24.88589391
285	24.88595858
286	24.88597732
287	24.88630592
288	24.88684819
289	24.88740169
290	24.88821726
291	24.88892406
292	24.88965268
293	24.8902813
294	24.89051879
295	24.89074953
296	24.89095339
297	24.89087304
298	24.89069407
299	24.8901773
300	24.88942241
301	24.88865815
302	24.88791478
303	24.88734316
304	24.88704007
305	24.88703561
306	24.88718539
307	24.88741674
308	24.88756145
309	24.88792599
310	24.88842265
311	24.88917001
312	24.8898103
313	24.89029881
314	24.89058055
315	24.89089424
316	24.89112698
317	24.89138045
318	24.89163177
319	24.89167678
320	24.89147523
321	24.89095185
322	24.89039805
323	24.88989771
324	24.88950736
325	24.8889872
326	24.88854969
327	24.88817778
328	24.88793767
329	24.88806625
330	24.88857473
331	24.88923407
332	24.88988742
333	24.89040343
334	24.89085092
335	24.89113681
336	24.89098856
337	24.89067211
338	24.89000232
339	24.88908736
340	24.88821495
341	24.88743671
342	24.88683882
343	24.88632865
344	24.88587685
345	24.88565288
346	24.88576763
347	24.88582908
348	24.88602387
349	24.88638549
350	24.88663528
351	24.88680119
352	24.88690165
353	24.88705435
354	24.88718355
355	24.88729646
356	24.88724315
357	24.88711642
358	24.8871605
359	24.88715421
360	24.88708062
361	24.88714222
362	24.88710766
363	24.88730875
364	24.88767068
365	24.88825966
366	24.88888335
367	24.88958663
368	24.89016685
369	24.89059514
370	24.89082603
371	24.89083064
372	24.89069423
373	24.89030618
374	24.88989479
375	24.88919244
376	24.88865554
377	24.88831634
378	24.88819222
379	24.8882784
380	24.88864785
381	24.88911209
382	24.88954361
383	24.88993273
384	24.89023076
385	24.89055274
386	24.89056549
387	24.89039621
388	24.88995685
389	24.88940812
390	24.88874156
391	24.88814045
392	24.8877206
393	24.88752981
394	24.88734638
395	24.88741121
396	24.88776039
397	24.88819606
398	24.88858026
399	24.88885555
400	24.88906739
401	24.88919889
402	24.88950214
403	24.88968617
404	24.8897871
405	24.88961105
406	24.88934114
407	24.889021
408	24.88870823
409	24.88842541
410	24.88821127
411	24.88804443
412	24.88786393
413	24.88783382
414	24.88787484
415	24.88795272
416	24.88808007
417	24.88814014
418	24.88835736
419	24.88866045
420	24.88899673
421	24.88930443
422	24.88928338
423	24.88910687
424	24.88869179
425	24.88819252
426	24.88768373
427	24.8871602
428	24.88664434
429	24.88633879
430	24.88610805
431	24.88590958
432	24.88604261
433	24.88622127
434	24.88661561
435	24.88706004
436	24.88738249
437	24.88757543
438	24.88769357
439	24.88746836
440	24.8872261
441	24.88700934
442	24.88682362
443	24.88678413
444	24.88691809
445	24.88719845
446	24.88760185
447	24.8882423
448	24.8889299
449	24.8893774
450	24.88957511
451	24.88961935
452	24.88947264
453	24.88911701
454	24.88861498
455	24.88810127
456	24.88766822
457	24.8877564
458	24.88785917
459	24.88842311
460	24.88912469
461	24.88991783
462	24.89072004
463	24.89144405
464	24.89221461
465	24.89294231
466	24.89362945
467	24.89369489
468	24.89366094
469	24.89354511
470	24.89339733
471	24.89308671
472	24.89271019
473	24.89249742
474	24.89228112
475	24.89210231
476	24.89202089
477	24.89219878
478	24.89251125
479	24.89272923
480	24.89292571
481	24.89318334
482	24.89350563
483	24.89362484
484	24.89372899
485	24.89390197
486	24.89385189
487	24.89355786
488	24.89317996
489	24.89285275
490	24.89272816
491	24.89256286
492	24.89245917
493	24.89247791
494	24.89263169
495	24.89269175
496	24.89262969
497	24.89244949
498	24.89237053
499	24.89232337
500	24.8922037
501	24.89218404
502	24.8921547
503	24.89228619
504	24.89224579
505	24.89200323
506	24.89189047
507	24.89198279
508	24.89205653
509	24.8920808
510	24.89217543
511	24.89226622
512	24.89231815
513	24.89224103
514	24.89207358
515	24.89194731
516	24.89189646
517	24.89180367
518	24.89162394
519	24.8914379
520	24.89104817
521	24.89061865
522	24.89024581
523	24.8899292
524	24.88985562
525	24.89015548
526	24.89033722
527	24.89060405
528	24.89086736
529	24.8910136
530	24.89117168
531	24.89128705
532	24.89144036
533	24.89173823
534	24.89194424
535	24.89212213
536	24.89252646
537	24.89271618
538	24.89288516
539	24.89308748
540	24.89324939
541	24.893409
542	24.89331652
543	24.89291127
544	24.89252768
545	24.89195729
546	24.89140887
547	24.89098426
548	24.89059868
549	24.89036395
550	24.89028545
551	24.89035841
552	24.89053923
553	24.89074431
554	24.89084032
555	24.89109656
556	24.89126047
557	24.89145449
558	24.89156648
559	24.89159629
560	24.89161764
561	24.8916585
562	24.8918536
563	24.89213688
564	24.89263291
565	24.89297871
566	24.89314662
567	24.89326153
568	24.89324171
569	24.89314416
570	24.89289776
571	24.8924455
572	24.89186143
573	24.89106553
574	24.89017484
575	24.8895238
576	24.8892674
577	24.8893479
578	24.88973917
579	24.89035642
580	24.89109472
581	24.89184853
582	24.89256225
583	24.89334878
584	24.8938797
585	24.89411965
586	24.89411765
587	24.89375941
588	24.89339149
589	24.89298901
590	24.89241355
591	24.8919407
592	24.89157109
593	24.89125986
594	24.89135725
595	24.89163223
596	24.89206759
597	24.89254842
598	24.89292003
599	24.89327105
600	24.8937399
601	24.8941771
602	24.89444763
603	24.89476409
604	24.89482354
605	24.8947054
606	24.89439524
607	24.89409983
608	24.89371594
609	24.89337475
610	24.89304016
611	24.89265196
612	24.89241861
613	24.89210016
614	24.89179062
615	24.89149951
616	24.89119042
617	24.89088902
618	24.89058378
619	24.88991184
620	24.88936434
621	24.88890194
622	24.88850299
623	24.88821188
624	24.88785625
625	24.88751352
626	24.88709998
627	24.88669903
628	24.88632066
629	24.88619147
630	24.88591265
631	24.88560986
632	24.88527282
633	24.88492671
634	24.88472363
635	24.88468107
636	24.88467693
637	24.88476372
638	24.88501627
639	24.8856094
640	24.88632681
641	24.88695419
642	24.88732949
643	24.88751475
644	24.88757006
645	24.88753426
646	24.88747512
647	24.88737004
648	24.88717617
649	24.88686494
650	24.88651499
651	24.8862202
652	24.88612326
653	24.88615153
654	24.88602402
655	24.88574797
656	24.88565672
657	24.8856094
658	24.88571571
659	24.88570203
660	24.88563029
661	24.8856836
662	24.8857048
663	24.88588454
664	24.88630038
665	24.88667307
666	24.88689658
667	24.88694129
668	24.88687293
669	24.88679043
670	24.88683468
671	24.88677307
672	24.88684574
673	24.8867465
674	24.88654587
675	24.88669335
676	24.88699459
677	24.8873089
678	24.88757436
679	24.88787315
680	24.88819759
681	24.88871775
682	24.88892883
683	24.88902392
684	24.88913544
685	24.88904404
686	24.88884218
687	24.88863664
688	24.88827686
689	24.888028
690	24.88776592
691	24.88746314
692	24.88729477
693	24.88726174
694	24.88742519
695	24.88756591
696	24.88777068
697	24.8879326
698	24.88815781
699	24.88814936
700	24.88776945
701	24.88725237
702	24.88678798
703	24.88636921
704	24.885879
705	24.88536054
706	24.88487771
707	24.88450165
708	24.88422851
709	24.88412866
710	24.88418335
711	24.88431146
712	24.88445418
713	24.88471226
714	24.88504777
715	24.88542091
716	24.88567699
717	24.88597179
718	24.88625092
719	24.88645646
720	24.8868548
721	24.88712701
722	24.88746283
723	24.88759955
724	24.88754179
725	24.88741567
726	24.88734316
727	24.88725559
728	24.8872281
729	24.88740322
730	24.8876865
731	24.88802139
732	24.88854063
733	24.88936618
734	24.89003673
735	24.89073601
736	24.89146817
737	24.89221722
738	24.89297334
739	24.89327843
740	24.89317627
741	24.89324632
742	24.8931119
743	24.89304477
744	24.89319793
745	24.89334925
746	24.89336691
747	24.89346892
748	24.89348289
749	24.89374651
750	24.89430399
751	24.89460309
752	24.8948475
753	24.89494352
754	24.89514015
755	24.89528624
756	24.89555677
757	24.89581377
758	24.89613008
759	24.89648264
760	24.89671598
761	24.89705933
762	24.89745782
763	24.89784571
764	24.89825633
765	24.89888587
766	24.89948361
767	24.89998241
768	24.90053836
769	24.90131153
770	24.90222112
771	24.90305051
772	24.90383106
773	24.90452342
774	24.90505234
775	24.90536004
776	24.9055748
777	24.9056599
778	24.90574624
779	24.90571751
780	24.90578864
781	24.90622123
782	24.90678486
783	24.90742776
784	24.90819571
785	24.90908517
786	24.90997631
787	24.91117685
788	24.91235618
789	24.91345057
790	24.9143732
791	24.9149485
792	24.91556099
793	24.91610141
794	24.91656977
795	24.91711248
796	24.91771198
797	24.91828893
798	24.91889963
799	24.91959451
800	24.9204901
801	24.92161411
802	24.92278504
803	24.92397432
804	24.92519691
805	24.9264552
806	24.92777882
807	24.92911234
808	24.93045739
809	24.93169965
810	24.93270061
811	24.93352605
812	24.93428995
813	24.93490394
814	24.935393
815	24.93577243
816	24.93620804
817	24.9364327
818	24.93663209
819	24.93699632
820	24.93734594
821	24.9375846
822	24.93771264
823	24.93809568
824	24.9386587
825	24.93915625
826	24.93945744
827	24.93972236
828	24.93977697
829	24.9396313
830	24.93931547
831	24.93909395
832	24.93897274
833	24.93865776
834	24.9383932
835	24.93802011
836	24.93759625
837	24.9373104
838	24.93697403
839	24.93651524
840	24.93600256
841	24.93531729
842	24.9346317
843	24.93394546
844	24.93303539
845	24.9321262
846	24.93138816
847	24.93063788
848	24.93018965
849	24.92992366
850	24.92973182
851	24.92952513
852	24.9289446
853	24.92820388
854	24.92738847
855	24.92657598
856	24.9256308
857	24.92463015
858	24.9233881
859	24.92189773
860	24.92040295
861	24.91898445
862	24.91767019
863	24.91646742
864	24.91527585
865	24.91425664
866	24.9132181
867	24.91209164
868	24.91106256
869	24.91020476
870	24.90935785
871	24.90850372
872	24.90761902
873	24.90664461
874	24.90560998
875	24.90443555
876	24.90327941
877	24.9023308
878	24.9014991
879	24.90082041
880	24.90036185
881	24.90010592
882	24.90001528
883	24.90003694
884	24.90033712
885	24.9008221
886	24.90132766
887	24.90178576
888	24.90205521
889	24.90243818
890	24.90273006
891	24.90301902
892	24.90343779
893	24.90395948
894	24.90461636
895	24.90541611
896	24.9064234
897	24.90749766
898	24.90891527
899	24.9102608
900	24.9120616
901	24.9140398
902	24.91623559
903	24.91843171
904	24.92069971
905	24.92317644
906	24.92578164
907	24.92857946
908	24.93143816
909	24.93450334
910	24.93748179
911	24.94043692
912	24.94326018
913	24.94630384
914	24.94924093
915	24.95204932
916	24.95476872
917	24.95759691
918	24.96048603
919	24.96335027
920	24.96618426
921	24.96918277
922	24.97250834
923	24.97588353
924	24.97937577
925	24.98295313
926	24.98665046
927	24.99011859
928	24.99354614
929	24.99696469
930	25.00026645
931	25.00341752
932	25.00644341
933	25.009436
934	25.01244162
935	25.01547855
936	25.01849674
937	25.02173441
938	25.02496272
939	25.02820142
940	25.03158027
941	25.03491085
942	25.03807155
943	25.04098576
944	25.04386868
945	25.04673181
946	25.04960232
947	25.05232093
948	25.05496182
949	25.05767967
950	25.06038015
951	25.0632845
952	25.066132
953	25.06914203
954	25.07220737
955	25.07515703
956	25.07809102
957	25.0810522
958	25.08413117
959	25.08714418
960	25.09010099
961	25.09284195
962	25.09563707
963	25.09829579
964	25.10068473
965	25.10286304
966	25.10494086
967	25.10688127
968	25.10861578
969	25.11013466
970	25.11128359
971	25.11219204
972	25.11292526
973	25.11364572
974	25.11444357
975	25.11521654
976	25.11589151
977	25.11655401
978	25.11726671
979	25.1179066
980	25.11868889
981	25.11973533
982	25.12092895
983	25.12220168
984	25.12287101
985	25.12351552
986	25.12422593
987	25.12462675
988	25.12477595
989	25.12487845
990	25.12517354
991	25.12548014
992	25.12566787
993	25.12575282
994	25.12639954
995	25.12710495
996	25.12782341
997	25.12856091
998	25.12921481
999	25.13010113
1000	25.13059425
1001	25.13073297
1002	25.13079626
1003	25.13090871
1004	25.131131
1005	25.1309992
1006	25.13045369
1007	25.13040161
1008	25.13048395
1009	25.13033479
1010	25.13056691
1011	25.13104436
1012	25.13139799
1013	25.1316785
1014	25.13181139
1015	25.13208114
1016	25.13240851
1017	25.13238393
1018	25.13239222
1019	25.13218408
1020	25.13171324
1021	25.13117342
1022	25.13081394
1023	25.13048458
1024	25.13011881
1025	25.12973538
1026	25.12937145
1027	25.12910216
1028	25.12879246
1029	25.12870933
1030	25.12863974
1031	25.12859304
1032	25.12871671
1033	25.12883822
1034	25.12909154
1035	25.12927957
1036	25.12942997
1037	25.1297369
1038	25.12996303
1039	25.13005459
1040	25.13000328
1041	25.12992493
1042	25.12976547
1043	25.12956715
1044	25.12904023
1045	25.12866279
1046	25.12872808
1047	25.12865787
1048	25.12852378
1049	25.12837968
1050	25.12861963
1051	25.12901951
1052	25.12943843
1053	25.12972124
1054	25.13015
1055	25.13071578
1056	25.13095528
1057	25.13114945
1058	25.13147342
1059	25.13182982
1060	25.13218791
1061	25.13244538
1062	25.13260929
1063	25.13272497
1064	25.13278749
1065	25.13273157
1066	25.13263479
1067	25.13242648
1068	25.13234445
1069	25.13254677
1070	25.13236795
1071	25.13203506
1072	25.13173934
1073	25.1320518
1074	25.13253402
1075	25.13282835
1076	25.13316616
1077	25.13365391
1078	25.13413766
1079	25.13449144
1080	25.1349288
1081	25.13552531
1082	25.13612366
1083	25.13624225
1084	25.13611413
1085	25.13629249
1086	25.13650095
1087	25.13651355
1088	25.13642859
1089	25.13633058
1090	25.13637836
1091	25.1364246
1092	25.13644334
1093	25.13656086
1094	25.13689544
1095	25.13741852
1096	25.13801257
1097	25.13866807
1098	25.13948625
1099	25.14015957
1100	25.14080969
1101	25.14129298
1102	25.14189056
1103	25.14238153
1104	25.14286036
1105	25.143265
1106	25.14369329
1107	25.14420223
1108	25.1446253
1109	25.14526744
1110	25.14574704
1111	25.14640991
1112	25.14682468
1113	25.14698476
1114	25.14707723
1115	25.14710212
1116	25.14709736
1117	25.14705404
1118	25.14716265
1119	25.14726158
1120	25.14740859
1121	25.14739615
1122	25.14757358
1123	25.14804704
1124	25.14860683
1125	25.14909826
1126	25.14946526
1127	25.14979155
1128	25.14973993
1129	25.14941149
1130	25.14907307
1131	25.14892559
1132	25.14867995
1133	25.14832079
1134	25.14815365
1135	25.14826257
1136	25.14861927
1137	25.14890962
1138	25.14931825
1139	25.1497447
1140	25.15017913
1141	25.15049421
1142	25.15078778
1143	25.15104739
1144	25.15103526
1145	25.15082572
1146	25.15049021
1147	25.15018005
1148	25.14996744
1149	25.14995009
1150	25.15002075
1151	25.15015194
1152	25.15045396
1153	25.15088778
1154	25.15134987
1155	25.15173961
1156	25.15207911
1157	25.15240724
1158	25.15270065
1159	25.15290005
1160	25.15309039
1161	25.15318594
1162	25.1531672
1163	25.15315936
1164	25.15310299
1165	25.15297348
1166	25.15295781
1167	25.15293631
1168	25.15261248
1169	25.15220999
1170	25.15186081
1171	25.15147768
1172	25.15094831
1173	25.15040787
1174	25.15018343
1175	25.15007974
1176	25.14995715
1177	25.15010831
1178	25.15054429
1179	25.15101944
1180	25.1513468
1181	25.15163054
1182	25.15191074
1183	25.15206113
1184	25.15191304
1185	25.15171318
1186	25.15136831
1187	25.15074077
1188	25.15019019
1189	25.14983395
1190	25.14953685
1191	25.14928798
1192	25.1492677
1193	25.14936326
1194	25.14965314
1195	25.149957
1196	25.15010647
1197	25.15034658
1198	25.1505724
1199	25.15061925
1200	25.15044459
1201	25.15021585
1202	25.14982258
1203	25.14948154
1204	25.14892774
1205	25.14840789
1206	25.14818607
1207	25.14814075
1208	25.14820296
1209	25.14846273
1210	25.1490448
1211	25.14958416
1212	25.15013489
1213	25.15066642
1214	25.151001
1215	25.15122467
1216	25.15137123
1217	25.15142207
1218	25.15118473
1219	25.1508993
1220	25.15076827
1221	25.15084938
1222	25.15104232
1223	25.15106183
1224	25.1513445
1225	25.1518221
1226	25.15205161
1227	25.15217942
1228	25.1524945
1229	25.15265257
1230	25.15238143
1231	25.15201812
1232	25.15168753
1233	25.15153729
1234	25.15141808
1235	25.15133374
1236	25.15135417
1237	25.15152623
1238	25.15184376
1239	25.15228619
1240	25.15270818
1241	25.15307887
1242	25.15325845
1243	25.15345616
1244	25.15379305
1245	25.15390365
1246	25.1540479
1247	25.1541562
1248	25.15424822
1249	25.15415605
1250	25.15413101
1251	25.15425514
1252	25.15454917
1253	25.15473643
1254	25.1547332
1255	25.15470186
1256	25.15488037
1257	25.15502308
1258	25.1547266
1259	25.15447911
1260	25.15456867
1261	25.15481585
1262	25.15500112
1263	25.15520036
1264	25.15541389
1265	25.15584034
1266	25.15620365
1267	25.15664731
1268	25.15737716
1269	25.15813312
1270	25.15860412
1271	25.15885882
1272	25.15908357
1273	25.15929465
1274	25.15925793
1275	25.1592183
1276	25.15921323
1277	25.15895484
1278	25.15847324
1279	25.158115
1280	25.15784063
1281	25.15759315
1282	25.1574449
1283	25.15737424
1284	25.15768901
1285	25.15795416
1286	25.15827353
1287	25.15863439
1288	25.15895361
1289	25.1590911
1290	25.15919126
1291	25.1592716
1292	25.15924165
1293	25.15919771
1294	25.159104
1295	25.15895791
1296	25.1586711
1297	25.15856618
1298	25.15897957
1299	25.15948467
1300	25.15995337
1301	25.16043282
1302	25.1609794
1303	25.1614782
1304	25.16171939
1305	25.16191049
1306	25.1621125
1307	25.16211142
1308	25.16176102
1309	25.16157544
1310	25.16151307
1311	25.1614017
1312	25.16129816
1313	25.1612722
1314	25.16151599
1315	25.1619151
1316	25.16230222
1317	25.1624712
1318	25.16252912
1319	25.16264141
1320	25.16281132
1321	25.16286662
1322	25.162872
1323	25.1630207
1324	25.16324069
1325	25.16330475
1326	25.16342226
1327	25.16390402
1328	25.16438055
1329	25.16462726
1330	25.16475046
1331	25.16502821
1332	25.1651594
1333	25.1649812
1334	25.16464769
1335	25.16452388
1336	25.16461912
1337	25.16452065
1338	25.16444276
1339	25.16446903
1340	25.16439791
1341	25.16433523
1342	25.16443969
1343	25.16461052
1344	25.16488642
1345	25.16499795
1346	25.16468118
1347	25.16425996
1348	25.16396224
1349	25.16366253
1350	25.16337587
1351	25.16335298
1352	25.16355054
1353	25.16368265
1354	25.16360016
1355	25.16357681
1356	25.16364486
1357	25.16381369
1358	25.16391139
1359	25.16384503
1360	25.16381476
1361	25.16364763
1362	25.16332656
1363	25.16297047
1364	25.16267552
1365	25.16243049
1366	25.16251038
1367	25.16281669
1368	25.16302055
1369	25.16351951
1370	25.16422063
1371	25.16479993
1372	25.1649471
1373	25.16507307
1374	25.16531702
1375	25.1654734
1376	25.16523729
1377	25.16492851
1378	25.16505525
1379	25.16529382
1380	25.16540335
1381	25.16544652
1382	25.1659169
1383	25.16666626
1384	25.16736923
1385	25.16773792
1386	25.16798985
1387	25.16840524
1388	25.16854673
1389	25.16815607
1390	25.16751578
1391	25.16704816
1392	25.16665228
1393	25.1660057
1394	25.16543715
1395	25.16529397
1396	25.16553116
1397	25.16565621
1398	25.1657894
1399	25.16616485
1400	25.16664353
1401	25.1668821
1402	25.16702112
1403	25.16710439
1404	25.16711068
1405	25.16713296
1406	25.16719502
1407	25.16718749
1408	25.16712497
1409	25.16726661
1410	25.16739826
1411	25.16761318
1412	25.16779645
1413	25.16820492
1414	25.16859097
1415	25.16853075
1416	25.16824025
1417	25.16808494
1418	25.1679791
1419	25.16757016
1420	25.16710177
1421	25.16691052
1422	25.16688271
1423	25.16673908
1424	25.16679853
1425	25.16716614
1426	25.16757692
1427	25.16782425
1428	25.16806205
1429	25.16848297
1430	25.16894752
1431	25.16926767
1432	25.16938503
1433	25.16955709
1434	25.16959349
1435	25.16950286
1436	25.16938027
1437	25.16932036
1438	25.16918302
1439	25.16890497
1440	25.16876963
1441	25.16844242
1442	25.16823549
1443	25.16814824
1444	25.16797633
1445	25.16766095
1446	25.16737783
1447	25.16736124
1448	25.16732836
1449	25.16731223
1450	25.16736062
1451	25.16763868
1452	25.16785759
1453	25.16807527
1454	25.16814793
1455	25.16827267
1456	25.16842798
1457	25.16837298
1458	25.16843566
1459	25.16856316
1460	25.16877823
1461	25.16895213
1462	25.16902141
1463	25.1690039
1464	25.16909791
1465	25.16934555
1466	25.16949902
1467	25.16958996
1468	25.16964649
1469	25.16974404
1470	25.16966447
1471	25.16951315
1472	25.16923203
1473	25.16913432
1474	25.16893984
1475	25.16872569
1476	25.16841354
1477	25.16818679
1478	25.16789906
1479	25.16766863
1480	25.1675548
1481	25.16760488
1482	25.16803594
1483	25.16833842
1484	25.1688681
1485	25.16933004
1486	25.16987431
1487	25.17019522
1488	25.17048126
1489	25.17063504
1490	25.17060954
1491	25.17044639
1492	25.17007263
1493	25.16969918
1494	25.16913494
1495	25.16869297
1496	25.16817497
1497	25.1678052
1498	25.16760995
1499	25.16766341
1500	25.16786388
1501	25.16810153
1502	25.16829218
1503	25.1685647
1504	25.16903094
1505	25.16931114
1506	25.16967015
1507	25.16987216
1508	25.16991333
1509	25.16976478
1510	25.16948627
1511	25.16935692
1512	25.1693732
1513	25.16934908
1514	25.16931698
1515	25.16948734
1516	25.16969872
1517	25.17003761
1518	25.1703407
1519	25.17062091
1520	25.17114536
1521	25.17147519
1522	25.17129315
1523	25.1708392
1524	25.17048541
1525	25.17019983
1526	25.16991502
1527	25.16971178
1528	25.16975249
1529	25.16984635
1530	25.16974558
1531	25.16953481
1532	25.1696657
1533	25.16981179
1534	25.16961039
1535	25.16920898
1536	25.16888469
1537	25.16857561
1538	25.16812504
1539	25.1677224
1540	25.16756402
1541	25.16761932
1542	25.16776587
1543	25.16801612
1544	25.1684203
1545	25.16892417
1546	25.1694537
1547	25.16999705
1548	25.17041475
1549	25.17057973
1550	25.17045208
1551	25.1703493
1552	25.17021458
1553	25.17004575
1554	25.16996694
1555	25.16999137
1556	25.17021151
1557	25.17028448
1558	25.17039647
1559	25.17080064
1560	25.17133585
1561	25.17160607
1562	25.17171084
1563	25.17178919
1564	25.17188674
1565	25.17189349
1566	25.17156567
1567	25.17128101
1568	25.17133032
1569	25.17149116
1570	25.17148963
1571	25.17147396
1572	25.17156982
1573	25.17178565
1574	25.17188766
1575	25.17170347
1576	25.17148287
1577	25.17142157
1578	25.17123139
1579	25.17068205
1580	25.17008323
1581	25.16971946
1582	25.16924508
1583	25.16885074
1584	25.16873092
1585	25.16911558
1586	25.16966401
1587	25.17018201
1588	25.1706398
1589	25.17105396
1590	25.1713993
1591	25.17154078
1592	25.17184234
1593	25.17196232
1594	25.17175401
1595	25.17138056
1596	25.17119329
1597	25.17080172
1598	25.17026389
1599	25.16978782
1600	25.16965725
1601	25.16970825
1602	25.16979212
1603	25.16995465
1604	25.17018493
1605	25.17034823
1606	25.1704149
1607	25.1704232
1608	25.17041782
1609	25.17054963
1610	25.1705421
1611	25.17043564
1612	25.17032903
1613	25.17024761
1614	25.17028832
1615	25.17052443
1616	25.17055024
1617	25.17054502
1618	25.17039708
1619	25.17032595
1620	25.17020521
1621	25.17023424
1622	25.1703235
1623	25.17052505
1624	25.17074918
1625	25.17103107
1626	25.17133032
1627	25.17174018
1628	25.1723605
1629	25.17290831
1630	25.17347409
1631	25.17384508
1632	25.17428997
1633	25.17465328
1634	25.17471995
1635	25.17443161
1636	25.17426954
1637	25.17414034
1638	25.17396829
1639	25.17355413
1640	25.17322615
1641	25.17301938
1642	25.17261536
1643	25.17194742
1644	25.17142357
1645	25.17119452
1646	25.17090418
1647	25.17049647
1648	25.17007048
1649	25.16987385
1650	25.1698694
1651	25.16969196
1652	25.16959534
1653	25.16998768
1654	25.17049325
1655	25.17081923
1656	25.17095764
1657	25.17120389
1658	25.17146766
1659	25.17168611
1660	25.17155783
1661	25.17134814
1662	25.17136796
1663	25.17123293
1664	25.17096348
1665	25.1707183
1666	25.17078036
1667	25.17099973
1668	25.17143724
1669	25.17192898
1670	25.17252871
1671	25.17327024
1672	25.17375414
1673	25.17401883
1674	25.17401115
1675	25.17391775
1676	25.17388564
1677	25.17361404
1678	25.17301123
1679	25.17234099
1680	25.17176722
1681	25.17130359
1682	25.17091647
1683	25.17056038
1684	25.17058972
1685	25.17073781
1686	25.17066284
1687	25.17072644
1688	25.17111065
1689	25.17151574
1690	25.17172897
1691	25.17188228
1692	25.17209581
1693	25.1724327
1694	25.17266436
1695	25.1727467
1696	25.17290831
1697	25.17321985
1698	25.1734913
1699	25.17369592
1700	25.17387258
1701	25.17401407
1702	25.17396522
1703	25.17367288
1704	25.17340158
1705	25.17317207
1706	25.17293104
1707	25.17252948
1708	25.17230827
1709	25.1721038
1710	25.17183665
1711	25.17149915
1712	25.17132602
1713	25.17127179
1714	25.17118761
1715	25.17120251
1716	25.17120405
1717	25.17125735
1718	25.17116119
1719	25.17103338
1720	25.17101525
1721	25.17104828
1722	25.17095365
1723	25.17079834
1724	25.17080878
1725	25.17078743
1726	25.17086931
1727	25.17075056
1728	25.17059832
1729	25.17060431
1730	25.1705845
1731	25.17044317
1732	25.17041936
1733	25.17055731
1734	25.17052889
1735	25.17041045
1736	25.1703215
1737	25.17061307
1738	25.17083766
1739	25.17087945
1740	25.17110711
1741	25.17145921
1742	25.17183343
1743	25.17201593
1744	25.17230904
1745	25.17260598
1746	25.17281061
1747	25.17271168
1748	25.17262626
1749	25.172598
1750	25.17229767
1751	25.1721379
1752	25.1719488
1753	25.17191224
1754	25.17161744
1755	25.17136304
1756	25.17125996
1757	25.17132172
1758	25.17147427
1759	25.17163756
1760	25.17188581
1761	25.17193635
1762	25.17190363
1763	25.17182329
1764	25.17198889
1765	25.17215864
1766	25.1721061
1767	25.17199642
1768	25.17182329
1769	25.171601
1770	25.17129484
1771	25.17126841
1772	25.17129407
1773	25.17118638
1774	25.17106487
1775	25.17103553
1776	25.17119621
1777	25.17129945
1778	25.1712595
1779	25.1713168
1780	25.17159225
1781	25.17178934
1782	25.1718852
1783	25.17189011
1784	25.1719127
1785	25.17195801
1786	25.17201731
1787	25.17197921
1788	25.17199596
1789	25.17197107
1790	25.17184403
1791	25.17162819
1792	25.17115827
1793	25.17080341
1794	25.17051168
1795	25.17011027
1796	25.169566
1797	25.1690887
1798	25.16886364
1799	25.1689403
1800	25.16900206
1801	25.16904
1802	25.16937889
1803	25.17006649
1804	25.17069172
1805	25.17130928
1806	25.17202868
1807	25.1726937
1808	25.17307422
1809	25.17330542
1810	25.17339529
1811	25.17323414
1812	25.17293934
1813	25.17246711
1814	25.17210303
1815	25.17176169
1816	25.17128316
1817	25.1708945
1818	25.17068589
1819	25.17031459
1820	25.1701539
1821	25.17021627
1822	25.17061261
1823	25.17097853
1824	25.17103906
1825	25.17106702
1826	25.17113768
1827	25.17136043
1828	25.17143018
1829	25.1714758
1830	25.17144677
1831	25.17135675
1832	25.17126427
1833	25.17124215
1834	25.1712701
1835	25.17123738
1836	25.17144062
1837	25.17190886
1838	25.17219705
1839	25.17228676
1840	25.17247126
1841	25.17286422
1842	25.17299618
1843	25.17282075
1844	25.17268034
1845	25.17268003
1846	25.17247003
1847	25.17165554
1848	25.17122463
1849	25.1712105
1850	25.17125321
1851	25.17126427
1852	25.17137764
1853	25.17159532
1854	25.17171883
1855	25.17162466
1856	25.17167028
1857	25.17194711
1858	25.17221533
1859	25.17241995
1860	25.17248447
1861	25.17232855
1862	25.17224359
1863	25.17226879
1864	25.1723943
1865	25.1725175
1866	25.17234929
1867	25.17207185
1868	25.17155676
1869	25.17100234
1870	25.17046606
1871	25.17014269
1872	25.16971347
1873	25.16926567
1874	25.16893078
1875	25.16881925
1876	25.16885934
1877	25.16891142
1878	25.16916566
1879	25.16942743
1880	25.16957905
1881	25.16977046
1882	25.16979781
1883	25.169772
1884	25.16965571
1885	25.1696256
1886	25.16970133
1887	25.1697637
1888	25.16976862
1889	25.16980057
1890	25.16993683
1891	25.17018063
1892	25.1706905
1893	25.17120051
1894	25.17179825
1895	25.17226602
1896	25.17261413
1897	25.17297713
1898	25.17330281
1899	25.17355981
1900	25.1738689
1901	25.17405708
1902	25.1740749
1903	25.17405862
1904	25.17411822
1905	25.1740961
1906	25.1740027
1907	25.17391237
1908	25.17380914
1909	25.17383817
1910	25.17365813
1911	25.17328852
1912	25.17298266
1913	25.17302368
1914	25.17284425
1915	25.1725831
1916	25.17245789
1917	25.17231057
1918	25.17194603
1919	25.17139961
1920	25.17117302
1921	25.17111664
1922	25.17089727
1923	25.17035284
1924	25.16990504
1925	25.16959365
1926	25.16924754
1927	25.16908117
1928	25.16915045
1929	25.16922388
1930	25.16923817
1931	25.16930438
1932	25.16960379
1933	25.16987846
1934	25.17012947
1935	25.17044056
1936	25.17059771
1937	25.17062705
1938	25.17072276
1939	25.17087745
1940	25.17100649
1941	25.17102262
1942	25.17102293
1943	25.17105166
1944	25.17118223
1945	25.17126442
1946	25.17134338
1947	25.17134169
1948	25.17146566
1949	25.17158794
1950	25.17161176
1951	25.17171729
1952	25.17194849
1953	25.17235466
1954	25.17259723
1955	25.1729229
1956	25.17333798
1957	25.1735701
1958	25.17368609
1959	25.17385261
1960	25.17394801
1961	25.17389148
1962	25.17372035
1963	25.17363509
1964	25.17360175
1965	25.17337347
1966	25.17325657
1967	25.17345366
1968	25.1734509
1969	25.17331248
1970	25.17318513
1971	25.17332631
1972	25.17324781
1973	25.17294718
1974	25.17264408
1975	25.17245037
1976	25.17218983
1977	25.17177121
1978	25.17175862
1979	25.17175047
1980	25.17176952
1981	25.17158026
1982	25.17158042
1983	25.17144538
1984	25.17101924
1985	25.17065332
1986	25.1704699
1987	25.17031136
1988	25.16971009
1989	25.16941299
1990	25.16943066
1991	25.16946522
1992	25.1694411
1993	25.16959027
1994	25.17007648
1995	25.17065409
1996	25.17102846
1997	25.17128777
1998	25.17169317
1999	25.17207415
2000	25.17216663
2001	25.17201747
2002	25.17197261
2003	25.17197153
2004	25.17176307
2005	25.17136781
2006	25.17109021
2007	25.17115443
2008	25.17127517
2009	25.1711025
2010	25.1711237
2011	25.17145476
2012	25.17178212
2013	25.17193113
2014	25.17217877
2015	25.17257925
2016	25.17285285
2017	25.17294241
2018	25.17297037
2019	25.1729312
2020	25.17290416
2021	25.17269201
2022	25.17233392
2023	25.17212116
2024	25.17197215
2025	25.17179318
2026	25.17158825
2027	25.17132833
2028	25.17121557
2029	25.17135582
2030	25.17115335
2031	25.17104782
2032	25.17091708
2033	25.17090049
2034	25.17076731
2035	25.17060216
2036	25.17049279
2037	25.17047927
2038	25.17047742
2039	25.17036252
2040	25.17044547
2041	25.17061983
2042	25.1709667
2043	25.17128116
2044	25.17168181
2045	25.17216233
2046	25.17283027
2047	25.17325979
2048	25.17334106
2049	25.17338776
2050	25.17346027
2051	25.17334321
2052	25.17295639
2053	25.17259815
2054	25.17227601
2055	25.17182559
2056	25.17127563
2057	25.1709558
2058	25.17075947
2059	25.17050953
2060	25.17044747
2061	25.17067175
2062	25.17111833
2063	25.17134999
2064	25.17167412
2065	25.17224774
2066	25.17252303
2067	25.17260368
2068	25.17269939
2069	25.17295977
2070	25.17307637
2071	25.17285331
2072	25.17251228
2073	25.17226203
2074	25.17222915
2075	25.17194127
2076	25.17168457
2077	25.17150668
2078	25.17166783
2079	25.17201286
2080	25.17210165
2081	25.17208322
2082	25.17229813
2083	25.17272565
2084	25.17273595
2085	25.1725662
2086	25.17268863
2087	25.17299679
2088	25.17303873
2089	25.17280538
2090	25.17290662
2091	25.17325795
2092	25.1733472
2093	25.17319543
2094	25.17303351
2095	25.17307791
2096	25.17297713
2097	25.1728123
2098	25.1727997
2099	25.17285731
2100	25.17280492
2101	25.1726596
2102	25.17268664
2103	25.17269416
2104	25.17272535
2105	25.1727444
2106	25.17286775
2107	25.17293519
2108	25.17281322
2109	25.17254377
2110	25.17222393
2111	25.17205464
2112	25.17181469
2113	25.17169471
2114	25.17164033
2115	25.17165968
2116	25.17149086
2117	25.1713082
2118	25.1710366
2119	25.17080172
2120	25.17072998
2121	25.17063289
2122	25.17071446
2123	25.17073167
2124	25.17070693
2125	25.17072644
2126	25.17074319
2127	25.17079619
2128	25.17097285
2129	25.17105043
2130	25.17100142
2131	25.17086839
2132	25.17054517
2133	25.17023348
2134	25.17015083
2135	25.17012609
2136	25.1701923
2137	25.17032242
2138	25.1703894
2139	25.17069218
2140	25.17110727
2141	25.17141266
2142	25.17176369
2143	25.17210779
2144	25.17241335
2145	25.17258909
2146	25.17266052
2147	25.17263179
2148	25.17256927
2149	25.1724473
2150	25.17225711
2151	25.17220488
2152	25.17204542
2153	25.17182621
2154	25.17145798
2155	25.17129361
2156	25.1714271
2157	25.1715755
2158	25.17180317
2159	25.17204773
2160	25.17243393
2161	25.17261966
2162	25.17285562
2163	25.17312814
2164	25.17344828
2165	25.17352509
2166	25.17328145
2167	25.17309311
2168	25.17293827
2169	25.17285439
2170	25.17234729
2171	25.17197645
2172	25.17186692
2173	25.17173588
2174	25.17138916
2175	25.17103599
2176	25.17104828
2177	25.17112862
2178	25.17099912
2179	25.17076654
2180	25.17075855
2181	25.17080187
2182	25.17046037
2183	25.17014238
2184	25.17021811
2185	25.17044163
2186	25.17046099
2187	25.17036421
2188	25.1706951
2189	25.17109114
2190	25.17148517
2191	25.17185033
2192	25.17247433
2193	25.17307253
2194	25.17327746
2195	25.1734002
2196	25.17354353
2197	25.17364553
2198	25.17351664
2199	25.17352878
2200	25.17356365
2201	25.17326548
2202	25.17291614
2203	25.17277543
2204	25.17274424
2205	25.17241688
2206	25.17202346
2207	25.17193313
2208	25.17204466
2209	25.17189841
2210	25.17157704
2211	25.17162312
2212	25.17180608
2213	25.17182943
2214	25.17175078
2215	25.17189503
2216	25.17234299
2217	25.17251228
2218	25.17219689
2219	25.17188351
2220	25.17173112
2221	25.17154662
2222	25.17104981
2223	25.17067145
2224	25.17052965
2225	25.17041736
2226	25.17014484
2227	25.17004176
2228	25.17033886
2229	25.17071676
2230	25.17084488
2231	25.17085272
2232	25.17117609
2233	25.17145045
2234	25.17155584
2235	25.17151113
2236	25.17158364
2237	25.17165369
2238	25.17140237
2239	25.17098852
2240	25.17084104
2241	25.1710131
2242	25.17110035
2243	25.17114214
2244	25.1712721
2245	25.17157458
2246	25.1716666
2247	25.17154954
2248	25.17143309
2249	25.17139177
2250	25.17144585
2251	25.17141374
2252	25.17137533
2253	25.17135966
2254	25.17141036
2255	25.17153648
2256	25.17170377
2257	25.17195264
2258	25.17232624
2259	25.17286253
2260	25.17329559
2261	25.17354215
2262	25.17358316
2263	25.17362679
2264	25.17376244
2265	25.17363324
2266	25.17335965
2267	25.17290247
2268	25.17285485
2269	25.17280538
2270	25.17272734
2271	25.17279048
2272	25.17320771
2273	25.17360068
2274	25.17354891
2275	25.17343753
2276	25.17349237
2277	25.17365767
2278	25.17320971
2279	25.17256881
2280	25.171919
2281	25.171291
2282	25.1705103
2283	25.16970733
2284	25.16922926
2285	25.16895136
2286	25.16860433
2287	25.16852583
2288	25.1686813
2289	25.16874612
2290	25.16873399
2291	25.1688492
2292	25.16879482
2293	25.16867008
2294	25.16865795
2295	25.16872999
2296	25.16905152
2297	25.16928656
2298	25.16973022
2299	25.17036651
2300	25.17111787
2301	25.17175124
2302	25.1725195
2303	25.17322477
2304	25.17381313
2305	25.1743803
2306	25.17447846
2307	25.17438721
2308	25.1741451
2309	25.1739944
2310	25.17380438
2311	25.17365229
2312	25.17339098
2313	25.17321401
2314	25.1730329
2315	25.17296761
2316	25.17320649
2317	25.17354199
2318	25.17382803
2319	25.17400639
2320	25.17411192
2321	25.17394862
2322	25.17391345
2323	25.17400009
2324	25.17405186
2325	25.17382281
2326	25.17341019
2327	25.17290478
2328	25.17237771
2329	25.17179287
2330	25.17120528
2331	25.17085594
2332	25.1706057
2333	25.17038172
2334	25.17020459
2335	25.16998615
2336	25.16991103
2337	25.16984989
2338	25.16967583
2339	25.16955862
2340	25.16955801
2341	25.16956692
2342	25.16961946
2343	25.1696915
2344	25.16989997
2345	25.17021228
2346	25.17045561
2347	25.17073873
2348	25.17099881
2349	25.1712741
2350	25.17158979
2351	25.17182606
2352	25.17196984
2353	25.17205572
2354	25.17212853
2355	25.1720382
2356	25.17195602
2357	25.1718703
2358	25.17200072
2359	25.17211394
2360	25.17215465
2361	25.17217708
2362	25.17211286
2363	25.17186723
2364	25.17142388
2365	25.17135859
2366	25.17123984
2367	25.17126334
2368	25.17132879
2369	25.17173987
2370	25.17227186
2371	25.17280246
2372	25.17314442
2373	25.17370744
2374	25.17431532
2375	25.1745926
2376	25.17469491
2377	25.17480828
2378	25.17490783
2379	25.17472087
2380	25.17434005
2381	25.17418889
2382	25.17431132
2383	25.17423589
2384	25.17410624
2385	25.17422591
2386	25.17461703
2387	25.1746946
2388	25.17467648
2389	25.17466158
2390	25.17463561
2391	25.17430041
2392	25.17368563
2393	25.17313859
2394	25.17252564
2395	25.17174648
2396	25.17093813
2397	25.1704275
2398	25.17007202
2399	25.16977738
2400	25.16957306
2401	25.16938134
2402	25.16931268
2403	25.16933295
2404	25.16933941
2405	25.16944633
2406	25.16951161
2407	25.16958796
2408	25.16962929
2409	25.1697402
2410	25.16978168
2411	25.17000934
2412	25.17025345
2413	25.17051967
2414	25.17076377
2415	25.17072475
2416	25.17074949
2417	25.17053795
2418	25.1702665
2419	25.16981117
2420	25.16956077
2421	25.16913693
2422	25.168728
2423	25.16836161
2424	25.16842076
2425	25.16887947
2426	25.16939041
2427	25.17006065
2428	25.1707415
2429	25.17139192
2430	25.17173035
2431	25.17202837
2432	25.17215188
2433	25.17222424
2434	25.17213007
2435	25.17209151
2436	25.17206709
2437	25.17208813
2438	25.17208552
2439	25.1721167
2440	25.17230873
2441	25.17253532
2442	25.17283227
2443	25.17304887
2444	25.17316654
2445	25.17299557
2446	25.17275438
2447	25.17236173
2448	25.17204911
2449	25.1719703
2450	25.1717961
2451	25.1715755
2452	25.17150084
2453	25.17149562
2454	25.171395
2455	25.17122586
2456	25.17100818
2457	25.17077652
2458	25.1702685
2459	25.16949856
2460	25.16880266
2461	25.16828127
2462	25.1676757
2463	25.16694923
2464	25.16627514
2465	25.16600063
2466	25.16579616
2467	25.16560859
2468	25.16551841
2469	25.16541687
2470	25.16519335
2471	25.16459562
2472	25.16397607
2473	25.16337787
2474	25.16289074
2475	25.16214691
2476	25.16137251
2477	25.16059274
2478	25.15979852
2479	25.15901352
2480	25.15814587
2481	25.15748777
2482	25.15672243
2483	25.15600763
2484	25.15512048
2485	25.15431059
2486	25.15319331
2487	25.15199247
2488	25.15090483
2489	25.1499593
2490	25.14912776
2491	25.14824106
2492	25.14751551
2493	25.14674787
2494	25.14606795
2495	25.1452278
2496	25.14438289
2497	25.14344688
2498	25.14239658
2499	25.14106024
2500	25.1395328
2501	25.13797785
2502	25.13637821
2503	25.13462386
2504	25.1327029
2505	25.13083478
2506	25.1291521
2507	25.12750692
2508	25.12580777
2509	25.12407477
2510	25.12251178
2511	25.12109236
2512	25.11944998
2513	25.11783954
2514	25.11620319
2515	25.11447363
2516	25.11261947
2517	25.11073878
2518	25.1086234
2519	25.10654787
2520	25.10428574
2521	25.10175301
2522	25.09917779
2523	25.09648043
2524	25.09368682
2525	25.09079192
2526	25.08787875
2527	25.08485427
2528	25.08192444
2529	25.07886941
2530	25.07585523
2531	25.07274396
2532	25.0696264
2533	25.06637134
2534	25.06311982
2535	25.05975784
2536	25.05616359
2537	25.05253861
2538	25.04880532
2539	25.04505446
2540	25.04131774
2541	25.03760439
2542	25.03391337
2543	25.03022005
2544	25.02646229
2545	25.02275731
2546	25.01910348
2547	25.01553722
2548	25.01198664
2549	25.00855778
2550	25.00511018
2551	25.00161878
2552	24.99815743
2553	24.99481068
2554	24.9913924
2555	24.98796483
2556	24.98452374
2557	24.98108618
2558	24.97754017
2559	24.97395882
2560	24.97041834
2561	24.96708309
2562	24.96388764
2563	24.96079711
2564	24.9579599
2565	24.95526034
2566	24.95279111
2567	24.95028302
2568	24.94784194
2569	24.94548373
2570	24.94321887
2571	24.94103336
2572	24.93887984
2573	24.9368521
2574	24.93500359
2575	24.93322943
2576	24.93161524
2577	24.93014486
2578	24.92883606
2579	24.92750262
2580	24.92610193
2581	24.92474559
2582	24.92345452
2583	24.92230356
2584	24.9211877
2585	24.92048971
2586	24.91987781
2587	24.91972888
2588	24.91973986
2589	24.92009126
2590	24.92076068
2591	24.92155985
2592	24.92253769
2593	24.92359105
2594	24.92459497
2595	24.92539459
2596	24.92617596
2597	24.92698332
2598	24.92815262
2599	24.92939943
2600	24.93065206
2601	24.93189767
2602	24.93318481
2603	24.93467719
2604	24.93626639
2605	24.93777936
2606	24.93938781
2607	24.94085549
2608	24.94240028
2609	24.94396144
2610	24.94580325
2611	24.94784429
2612	24.95000785
2613	24.95199235
2614	24.95390886
2615	24.95583567
2616	24.95798693
2617	24.960241
2618	24.96225481
2619	24.96422483
2620	24.96600253
2621	24.96783383
2622	24.96958464
2623	24.97137447
2624	24.97326507
2625	24.97527197
2626	24.97712616
2627	24.97879371
2628	24.98046187
2629	24.98216736
2630	24.98375748
2631	24.98534853
2632	24.98692989
2633	24.98866534
2634	24.99038957
2635	24.99204836
2636	24.99369071
2637	24.99535166
2638	24.99707865
2639	24.99872454
2640	25.00020635
2641	25.00150367
2642	25.00266625
2643	25.00360854
2644	25.00450507
2645	25.00525935
2646	25.00586719
2647	25.00630054
2648	25.00654494
2649	25.00672082
2650	25.00692945
2651	25.00708551
2652	25.00719272
2653	25.00706431
2654	25.00682835
2655	25.00654415
2656	25.00627965
2657	25.00595552
2658	25.00556626
2659	25.00498621
2660	25.00431427
2661	25.0035978
2662	25.0026291
2663	25.0016974
2664	25.00059579
2665	24.99954871
2666	24.99828534
2667	24.9968367
2668	24.99534889
2669	24.99388259
2670	24.99228955
2671	24.99048451
2672	24.98865551
2673	24.98669378
2674	24.98476108
2675	24.98267584
2676	24.98051118
2677	24.97850905
2678	24.97639262
2679	24.97426207
2680	24.97216331
2681	24.96994872
2682	24.96769711
2683	24.96545595
2684	24.96309557
2685	24.96054027
2686	24.95782387
2687	24.95494116
2688	24.95213822
2689	24.94928811
2690	24.94638417
2691	24.94367754
2692	24.94106202
2693	24.93854829
2694	24.9361865
2695	24.93388944
2696	24.93172162
2697	24.92965896
2698	24.92742088
2699	24.92513919
2700	24.92267966
2701	24.92022499
2702	24.91775341
2703	24.91520001
2704	24.91255781
2705	24.91013123
2706	24.90776859
2707	24.90553516
2708	24.90333271
2709	24.90112135
2710	24.89907605
2711	24.89727808
2712	24.89571269
2713	24.89430676
2714	24.89301727
2715	24.89176312
2716	24.89056273
2717	24.88934498
2718	24.88823769
2719	24.88715374
2720	24.88613401
2721	24.88497249
2722	24.88369652
2723	24.8824757
2724	24.88140927
2725	24.88022117
2726	24.87929485
2727	24.87864764
2728	24.8783189
2729	24.87832842
2730	24.87870295
2731	24.87928793
2732	24.88003314
2733	24.88084579
2734	24.88171283
2735	24.88287942
2736	24.88407858
2737	24.88508264
2738	24.88589898
2739	24.8868081
2740	24.88765578
2741	24.88843832
2742	24.88925727
2743	24.89001676
2744	24.89084877
2745	24.89182702
2746	24.89282832
2747	24.89398155
2748	24.89528885
2749	24.89660292
2750	24.89801745
2751	24.89943906
2752	24.90100491
2753	24.90265171
2754	24.90440513
2755	24.90624765
2756	24.90814133
2757	24.91010148
2758	24.91218002
2759	24.91435309
2760	24.91664217
2761	24.91893077
2762	24.92115051
2763	24.92342801
2764	24.92563785
2765	24.92771518
2766	24.92950604
2767	24.93104918
2768	24.93251614
2769	24.93386863
2770	24.93493563
2771	24.93588303
2772	24.93683601
2773	24.93788394
2774	24.93895094
2775	24.93991558
2776	24.94105209
2777	24.9423236
2778	24.94345964
2779	24.94461977
2780	24.94564781
2781	24.94675095
2782	24.94784884
2783	24.94875376
2784	24.94943399
2785	24.95009333
2786	24.95069628
2787	24.9513083
2788	24.95186394
2789	24.95233494
2790	24.95282929
2791	24.95322824
2792	24.95350061
2793	24.95374226
2794	24.95410403
2795	24.95424674
2796	24.95430512
2797	24.95434982
2798	24.95438285
2799	24.95426856
2800	24.95414643
2801	24.95403398
2802	24.95367589
2803	24.95335682
2804	24.95280056
2805	24.95235983
2806	24.95198515
2807	24.95140692
2808	24.95071655
2809	24.94995479
2810	24.94926012
2811	24.94851553
2812	24.94781732
2813	24.94689647
2814	24.9459769
2815	24.94494173
2816	24.94371263
2817	24.94253582
2818	24.94129578
2819	24.94006395
2820	24.93873677
2821	24.93734011
2822	24.93594082
2823	24.93455599
2824	24.93301969
2825	24.93135125
2826	24.92976715
2827	24.92809937
2828	24.92654565
2829	24.92503576
2830	24.92347691
2831	24.92197526
2832	24.92048497
2833	24.91897859
2834	24.91758847
2835	24.91637678
2836	24.91504734
2837	24.91352699
2838	24.91178132
2839	24.90967016
2840	24.9072806
2841	24.90482605
2842	24.90248166
2843	24.90021299
2844	24.89808459
2845	24.89590241
2846	24.89391242
2847	24.89221046
2848	24.89073048
2849	24.88940382
2850	24.88837902
2851	24.88739385
2852	24.88646123
2853	24.88558682
2854	24.8845465
2855	24.88361096
2856	24.88264899
2857	24.88163018
2858	24.88064716
2859	24.87983252
2860	24.8790022
2861	24.87826236
2862	24.87732436
2863	24.87627129
2864	24.8753803
2865	24.87456857
2866	24.8740501
2867	24.87372473
2868	24.87340551
2869	24.87321287
2870	24.87309289
2871	24.87283589
2872	24.87264908
2873	24.87256874
2874	24.87254708
2875	24.87249531
2876	24.87236627
2877	24.87222386
2878	24.87242618
2879	24.87264862
2880	24.87286169
2881	24.87309228
2882	24.87343055
2883	24.87402598
2884	24.87467457
2885	24.87523927
2886	24.8756628
2887	24.87597373
2888	24.87623458
2889	24.87675043
2890	24.87762238
2891	24.87885242
2892	24.88016633
2893	24.88145382
2894	24.88283133
2895	24.88460042
2896	24.88646199
2897	24.88845322
2898	24.89016316
2899	24.89158415
2900	24.89287517
2901	24.89412334
2902	24.89542911
2903	24.89650368
2904	24.89738976
2905	24.89813743
2906	24.89889447
2907	24.89956564
2908	24.9001686
2909	24.90077017
2910	24.90134748
2911	24.90178668
2912	24.90223417
2913	24.90290457
2914	24.90378159
2915	24.90483097
2916	24.90589356
2917	24.90719964
2918	24.90875351
2919	24.91042366
2920	24.91201944
2921	24.91351492
2922	24.9149394
2923	24.91625309
2924	24.91750265
2925	24.91843255
2926	24.91921407
2927	24.91986158
2928	24.9203161
2929	24.92075398
2930	24.92120647
2931	24.92190673
2932	24.92251719
2933	24.92305988
2934	24.92345687
2935	24.92396567
2936	24.9245856
2937	24.92514842
2938	24.92565213
2939	24.92614399
2940	24.92654057
2941	24.92672373
2942	24.9268732
2943	24.92703321
2944	24.92729166
2945	24.92747375
2946	24.92746225
2947	24.92725307
2948	24.92709734
2949	24.92683721
2950	24.92665738
2951	24.92638357
2952	24.92597798
2953	24.92543418
2954	24.92475271
2955	24.92397149
2956	24.92308631
2957	24.92219115
2958	24.92125483
2959	24.92020719
2960	24.91900382
2961	24.91784289
2962	24.91664615
2963	24.91549029
2964	24.91418998
2965	24.91301304
2966	24.91189104
2967	24.91101065
2968	24.91020506
2969	24.90933296
2970	24.90857945
2971	24.90779369
2972	24.90693787
2973	24.9060925
2974	24.9052121
2975	24.90426549
2976	24.90316311
2977	24.90180603
2978	24.90020593
2979	24.89855052
2980	24.89667758
2981	24.89502248
2982	24.89356954
2983	24.89225439
2984	24.89097735
2985	24.8897126
2986	24.88874233
2987	24.88784888
2988	24.88711534
2989	24.88654802
2990	24.88594737
2991	24.8851553
2992	24.88427321
2993	24.88320187
2994	24.88208751
2995	24.88077974
2996	24.87942834
2997	24.87828249
2998	24.87729179
2999	24.87624502
3000	24.87531977
3001	24.87442401
3002	24.87358847
3003	24.87288182
3004	24.87228762
3005	24.87177376
3006	24.8711095
3007	24.87032927
3008	24.86963905
3009	24.86915085
3010	24.86895606
3011	24.8688178
3012	24.86851209
3013	24.86827444
3014	24.86816875
3015	24.86817567
3016	24.86839872
3017	24.86845587
3018	24.86832575
3019	24.86834465
3020	24.86835555
3021	24.86846539
3022	24.86891028
3023	24.8694034
3024	24.8697323
3025	24.86999437
3026	24.87016628
3027	24.87067138
3028	24.87120582
3029	24.87152259
3030	24.87167145
3031	24.8718243
3032	24.8721681
3033	24.87269993
3034	24.87353716
3035	24.87447809
3036	24.87546694
3037	24.87615024
3038	24.8767042
3039	24.87722051
3040	24.87790827
3041	24.87858005
3042	24.87895442
3043	24.87905136
3044	24.87904137
3045	24.87934938
3046	24.88014267
3047	24.88122401
3048	24.88250336
3049	24.88396044
3050	24.88550632
3051	24.88708277
3052	24.88877997
3053	24.89062756
3054	24.89248836
3055	24.89410152
3056	24.89535952
3057	24.89648832
3058	24.89749745
3059	24.89845834
3060	24.89926393
3061	24.90018242
3062	24.90093992
3063	24.9017134
3064	24.90256077
3065	24.90334577
3066	24.9041555
3067	24.90513375
3068	24.90628314
3069	24.9074293
3070	24.90849665
3071	24.9091669
3072	24.90993331
3073	24.9104083
3074	24.91068835
3075	24.91093291
3076	24.91105335
3077	24.91101203
3078	24.91096994
3079	24.91091663
3080	24.91091617
3081	24.91105443
3082	24.91113493
3083	24.91124353
3084	24.91138533
3085	24.9114795
3086	24.91151467
3087	24.91146229
3088	24.91111787
3089	24.91082815
3090	24.91050078
3091	24.91018985
3092	24.90992901
3093	24.9097737
3094	24.90943051
3095	24.90910898
3096	24.90881035
3097	24.90853813
3098	24.9083097
3099	24.90790783
3100	24.90746233
3101	24.90706399
3102	24.90669469
3103	24.90631817
3104	24.90592582
3105	24.90543577
3106	24.90494526
3107	24.90444892
3108	24.90393598
3109	24.90330045
3110	24.90275909
3111	24.90203677
3112	24.90117143
3113	24.90022283
3114	24.89947439
3115	24.89890338
3116	24.8984883
3117	24.89815279
3118	24.89801469
3119	24.89798673
3120	24.89782466
3121	24.89761635
3122	24.89737271
3123	24.89694519
3124	24.89631795
3125	24.89536766
3126	24.89420506
3127	24.89294953
3128	24.89171718
3129	24.89051065
3130	24.88947664
3131	24.88868442
3132	24.88803353
3133	24.88763796
3134	24.88721489
3135	24.8869247
3136	24.88652375
3137	24.88591004
3138	24.88503548
3139	24.88410039
3140	24.88314917
3141	24.88218352
3142	24.88122769
3143	24.88030536
3144	24.87967413
3145	24.87896748
3146	24.8783765
3147	24.8781258
3148	24.87804576
3149	24.87812503
3150	24.87806035
3151	24.87784175
3152	24.8776422
3153	24.87742836
3154	24.87721928
3155	24.87719962
3156	24.87719977
3157	24.87696535
3158	24.87678024
3159	24.87654412
3160	24.87626162
3161	24.87595991
3162	24.8755525
3163	24.87509303
3164	24.87463678
3165	24.87420526
3166	24.87388527
3167	24.87387589
3168	24.87393504
3169	24.87421724
3170	24.87472004
3171	24.87541102
3172	24.87625194
3173	24.87702004
3174	24.8776889
3175	24.87820737
3176	24.87866009
3177	24.87899959
3178	24.87941928
3179	24.87974403
3180	24.88001502
3181	24.88019091
3182	24.88008937
3183	24.88012194
3184	24.88021242
3185	24.88045944
3186	24.88077759
3187	24.88115503
3188	24.88146412
3189	24.88175891
3190	24.88214143
3191	24.88274807
3192	24.88358945
3193	24.88443206
3194	24.88510015
3195	24.88577715
3196	24.88645523
3197	24.88730936
3198	24.88800388
3199	24.88830912
3200	24.88847933
3201	24.88880639
3202	24.88927155
3203	24.88994333
3204	24.890748
3205	24.89151517
3206	24.89234672
3207	24.89299438
3208	24.89363283
3209	24.89455946
3210	24.8954904
3211	24.89604098
3212	24.89653487
3213	24.89682536
3214	24.89709235
3215	24.89728284
3216	24.89734782
3217	24.89732509
3218	24.89743278
3219	24.89751389
3220	24.89778764
3221	24.89819965
3222	24.89847417
3223	24.89866404
3224	24.89898495
3225	24.89940603
3226	24.89990944
3227	24.90042591
3228	24.90083208
3229	24.9012722
3230	24.90155394
3231	24.9018999
3232	24.90229178
3233	24.90270732
3234	24.90284865
3235	24.90272146
3236	24.90253957
3237	24.90232865
3238	24.90197041
3239	24.90142152
3240	24.90062039
3241	24.89955934
3242	24.89852071
3243	24.89741465
3244	24.89660154
3245	24.89596908
3246	24.89546337
3247	24.89515259
3248	24.89499882
3249	24.89495734
3250	24.89510774
3251	24.8954434
3252	24.89569948
3253	24.8959018
3254	24.89575417
3255	24.89566891
3256	24.89526919
3257	24.89464964
3258	24.89406819
3259	24.89356923
3260	24.89300821
3261	24.89221906
3262	24.8914058
3263	24.89073094
3264	24.89034582
3265	24.88999357
3266	24.88972181
3267	24.88951627
3268	24.88936572
3269	24.88905725
3270	24.88867581
3271	24.88830789
3272	24.88799282
3273	24.8874785
3274	24.88687139
3275	24.886193
3276	24.88547222
3277	24.8847711
3278	24.88379976
3279	24.88290523
3280	24.88214895
3281	24.8815291
3282	24.8808928
3283	24.88062182
3284	24.88031811
3285	24.87996094
3286	24.87977844
3287	24.87954816
3288	24.87942066
3289	24.87930145
3290	24.87914814
3291	24.87889497
3292	24.87871754
3293	24.87815652
3294	24.87754757
3295	24.87702634
3296	24.87652907
3297	24.8763057
3298	24.87633197
3299	24.87654735
3300	24.87684122
3301	24.87714631
3302	24.87717458
3303	24.87716367
3304	24.87727413
3305	24.87732513
3306	24.87731161
3307	24.87709792
3308	24.87684583
3309	24.87663338
3310	24.87656502
3311	24.87659512
3312	24.87668515
3313	24.87680942
3314	24.87691942
3315	24.87704984
3316	24.87735216
3317	24.87755679
3318	24.87769842
3319	24.87773084
3320	24.8775975
3321	24.87751746
3322	24.87764881
3323	24.877884
3324	24.87821029
3325	24.87845147
3326	24.87863397
3327	24.87886886
3328	24.87923908
3329	24.87974019
3330	24.88032579
3331	24.88101078
3332	24.88172696
3333	24.88251472
3334	24.8833541
3335	24.88436723
3336	24.88512888
3337	24.88567607
3338	24.88599775
3339	24.88614538
3340	24.88616489
3341	24.88616566
3342	24.88612772
3343	24.88635047
3344	24.88667599
3345	24.88710428
3346	24.88770493
3347	24.88846566
3348	24.88922055
3349	24.88992782
3350	24.89062126
3351	24.89113066
3352	24.89145342
3353	24.89154221
3354	24.89145665
3355	24.89132192
3356	24.89129642
3357	24.8913336
3358	24.89144328
3359	24.89183747
3360	24.89224625
3361	24.89271418
3362	24.89330162
3363	24.89376602
3364	24.89411366
3365	24.89429493
3366	24.89426928
3367	24.8944315
3368	24.89470233
3369	24.89483767
3370	24.89505136
3371	24.89509959
3372	24.89528348
3373	24.8955434
3374	24.89568258
3375	24.89581224
3376	24.89610796
3377	24.89621979
3378	24.89606448
3379	24.89580194
3380	24.89553004
3381	24.89539977
3382	24.89502862
3383	24.89463228
3384	24.89435423
3385	24.89420829
3386	24.89398062
3387	24.89365833
3388	24.89337997
3389	24.8931311
3390	24.89274367
3391	24.89244058
3392	24.89240356
3393	24.89239573
3394	24.89235993
3395	24.89217789
3396	24.89181934
3397	24.89151855
3398	24.89122468
3399	24.89092159
3400	24.89085353
3401	24.89064015
3402	24.89038899
3403	24.89011692
3404	24.89000248
3405	24.88995485
3406	24.89002951
3407	24.8900839
3408	24.89008758
3409	24.89001769
3410	24.88970215
3411	24.88959262
3412	24.88938661
3413	24.88911455
3414	24.88879118
3415	24.88847273
3416	24.88815074
3417	24.88772152
3418	24.88716788
3419	24.88661346
3420	24.88624877
3421	24.88578868
3422	24.88534333
3423	24.88491335
3424	24.88435448
3425	24.88387472
3426	24.88337745
3427	24.88301829
3428	24.88267049
3429	24.88237539
3430	24.88188043
3431	24.88131818
3432	24.88079525
3433	24.88038616
3434	24.88002362
3435	24.87961115
3436	24.87930529
3437	24.87907394
3438	24.87908101
3439	24.87894198
3440	24.87884965
3441	24.87874074
3442	24.8785226
3443	24.87823179
3444	24.8782086
3445	24.87845623
3446	24.87886379
3447	24.87930667
3448	24.87971515
3449	24.88028769
3450	24.88074302
3451	24.88102415
3452	24.88106086
3453	24.88115119
3454	24.88101447
3455	24.88059601
3456	24.87999151
3457	24.87928133
3458	24.87874212
3459	24.87832857
3460	24.87815206
3461	24.8781811
3462	24.87847313
3463	24.87879881
3464	24.8791294
3465	24.87936597
3466	24.87953925
3467	24.87971576
3468	24.87975909
3469	24.87980164
3470	24.87989243
3471	24.88002608
3472	24.88013822
3473	24.88020535
3474	24.88037956
3475	24.88072182
3476	24.88112446
3477	24.88152572
3478	24.88179793
3479	24.88192574
3480	24.88208274
3481	24.88229075
3482	24.8826877
3483	24.88317836
3484	24.88380713
3485	24.88450472
3486	24.88503594
3487	24.88546623
3488	24.88579682
3489	24.88608178
3490	24.88621866
3491	24.8863732
3492	24.8864537
3493	24.88663113
3494	24.88664219
3495	24.88652175
3496	24.88655278
3497	24.886823
3498	24.88728156
3499	24.88771784
3500	24.88809405
3501	24.88862328
3502	24.88933669
3503	24.89004011
3504	24.89065137
3505	24.89125801
3506	24.89178386
3507	24.89217789
3508	24.89235824
3509	24.89260787
3510	24.89276672
3511	24.89268422
3512	24.8923418
3513	24.89188386
3514	24.89150104
3515	24.89121393
3516	24.890901
3517	24.89079039
3518	24.89092159
3519	24.89112928
3520	24.89127921
3521	24.89143944
3522	24.89150488
3523	24.89156249
3524	24.89155404
3525	24.89155358
3526	24.89166634
3527	24.89166664
3528	24.89161196
3529	24.89149198
3530	24.89138552
3531	24.89125341
3532	24.89108488
3533	24.89074615
3534	24.89040696
3535	24.89000985
3536	24.88952779
3537	24.88896247
3538	24.88837825
3539	24.88785087
3540	24.8875378
3541	24.88735238
3542	24.8872857
3543	24.88741766
3544	24.88757036
3545	24.88763196
3546	24.88773627
3547	24.88781831
3548	24.88786163
3549	24.88783705
3550	24.88773689
3551	24.88743671
3552	24.88711841
3553	24.88686525
3554	24.8866617
3555	24.88649425
3556	24.88638948
3557	24.88626536
3558	24.8861122
3559	24.8859277
3560	24.88567945
3561	24.8854567
3562	24.88518695
3563	24.88467877
3564	24.88414479
3565	24.8838801
3566	24.88359483
3567	24.88321477
3568	24.88293365
3569	24.88265774
3570	24.88246526
3571	24.88231625
3572	24.88191668
3573	24.88175692
3574	24.88155444
3575	24.88120404
3576	24.88084841
3577	24.88046098
3578	24.88018553
3579	24.87999474
3580	24.87986001
3581	24.87969687
3582	24.87984265
3583	24.87993944
3584	24.88012516
3585	24.88023562
3586	24.88044085
3587	24.88080401
3588	24.88099527
3589	24.88129022
3590	24.88135873
3591	24.88160575
3592	24.88175922
3593	24.88175277
3594	24.88160191
3595	24.8813151
3596	24.88098282
3597	24.880812
3598	24.88057204
3599	24.88035482
3600	24.88035482