#1
double flow(3601,2)  # Flow variation
0	0.10087341
1	0.101943737
2	0.101701999
3	0.100840214
4	0.101844914
5	0.102409258
6	0.103010278
7	0.102868949
8	0.102629359
9	0.103171198
10	0.102923066
11	0.102885419
12	0.102921378
13	0.103660044
14	0.103128538
15	0.102912836
16	0.103304803
17	0.103697947
18	0.103314522
19	0.102790177
20	0.10297079
21	0.103026544
22	0.102839486
23	0.103096569
24	0.103244906
25	0.102143531
26	0.101699748
27	0.101367474
28	0.101800566
29	0.101781385
30	0.101838673
31	0.101985783
32	0.101645222
33	0.101169828
34	0.100921287
35	0.102029158
36	0.102393146
37	0.102877849
38	0.102983731
39	0.102348236
40	0.101748648
41	0.101549724
42	0.101844147
43	0.101868392
44	0.10222752
45	0.102206855
46	0.10182297
47	0.101264764
48	0.100875354
49	0.10163003
50	0.102277494
51	0.102571303
52	0.102169004
53	0.101966754
54	0.10188164
55	0.101557038
56	0.10180829
57	0.102040258
58	0.102254221
59	0.102072739
60	0.102096114
61	0.102025833
62	0.102779179
63	0.10342915
64	0.103730939
65	0.103974006
66	0.103780401
67	0.103503267
68	0.103749916
69	0.104094517
70	0.104025822
71	0.10357319
72	0.102892069
73	0.102419744
74	0.101824351
75	0.101739595
76	0.101844709
77	0.101989926
78	0.101437346
79	0.100749012
80	0.100182519
81	0.100607734
82	0.101203127
83	0.101756372
84	0.102017445
85	0.102366496
86	0.102148441
87	0.101883123
88	0.102524501
89	0.103444393
90	0.103849966
91	0.102569513
92	0.102378875
93	0.101680669
94	0.1015909
95	0.101528138
96	0.101832433
97	0.101554276
98	0.101083997
99	0.100411111
100	0.100730547
101	0.10169361
102	0.1008018
103	0.101013563
104	0.100842515
105	0.100789728
106	0.100711416
107	0.101001747
108	0.101128805
109	0.101428394
110	0.101585427
111	0.101430287
112	0.102707262
113	0.102817696
114	0.103104804
115	0.10306905
116	0.10284322
117	0.103226082
118	0.103438613
119	0.103398051
120	0.10286368
121	0.103014626
122	0.103014063
123	0.102200717
124	0.10243422
125	0.10228307
126	0.101958519
127	0.101933353
128	0.101509724
129	0.101717446
130	0.101684864
131	0.101752945
132	0.101485427
133	0.102197086
134	0.101911461
135	0.102211715
136	0.102890637
137	0.101950079
138	0.101656884
139	0.101848852
140	0.10171893
141	0.10202169
142	0.10226307
143	0.102554066
144	0.10290189
145	0.10240087
146	0.101310492
147	0.102041997
148	0.102916007
149	0.102644295
150	0.103263525
151	0.103070278
152	0.102629155
153	0.102789052
154	0.102430128
155	0.102727875
156	0.103748432
157	0.103966641
158	0.103966948
159	0.103644801
160	0.103132835
161	0.102867261
162	0.102269822
163	0.102046396
164	0.101705273
165	0.101648189
166	0.101149982
167	0.101339699
168	0.100089476
169	0.100258529
170	0.100316176
171	0.100819293
172	0.101873609
173	0.101166964
174	0.101524302
175	0.101697907
176	0.102318006
177	0.101463995
178	0.102161945
179	0.102281689
180	0.102423785
181	0.102402404
182	0.10197632
183	0.102576981
184	0.102737492
185	0.102659692
186	0.10208614
187	0.102852376
188	0.102892069
189	0.102929153
190	0.103254522
191	0.102463325
192	0.102191254
193	0.102379028
194	0.102471355
195	0.102021946
196	0.10209903
197	0.101907778
198	0.102150129
199	0.101903737
200	0.100871671
201	0.101537448
202	0.101868903
203	0.101718316
204	0.101815042
205	0.1019799
206	0.101572844
207	0.100797861
208	0.100699601
209	0.100853973
210	0.101798418
211	0.101892893
212	0.102177188
213	0.102160564
214	0.102220155
215	0.102206804
216	0.102730024
217	0.103649712
218	0.103694775
219	0.103844288
220	0.103641118
221	0.103016518
222	0.102991966
223	0.103073449
224	0.102191408
225	0.1024
226	0.102841276
227	0.102843834
228	0.102891404
229	0.102881225
230	0.102960508
231	0.103216926
232	0.103030687
233	0.103430634
234	0.104041627
235	0.104282496
236	0.104054824
237	0.103817946
238	0.10333089
239	0.103407002
240	0.102809409
241	0.102580459
242	0.102593145
243	0.101667728
244	0.101421694
245	0.100890086
246	0.101153255
247	0.101040468
248	0.101546194
249	0.101664915
250	0.102025117
251	0.102435192
252	0.102331458
253	0.102650791
254	0.103041684
255	0.103352015
256	0.103170737
257	0.103370327
258	0.103449713
259	0.103451963
260	0.103537589
261	0.10393682
262	0.104228839
263	0.104253186
264	0.104500397
265	0.104254465
266	0.103898815
267	0.104103827
268	0.104379273
269	0.10443027
270	0.104346434
271	0.103576004
272	0.103530838
273	0.103321734
274	0.103242553
275	0.103302757
276	0.103152221
277	0.10275565
278	0.102237699
279	0.101878673
280	0.101799236
281	0.102106498
282	0.101728239
283	0.102237239
284	0.101394584
285	0.101574378
286	0.101730234
287	0.10145131
288	0.10097162
289	0.101012284
290	0.100687938
291	0.10032436
292	0.099936945
293	0.099542881
294	0.099560221
295	0.099375465
296	0.10000871
297	0.100466814
298	0.101045174
299	0.101010085
300	0.101245633
301	0.101313561
302	0.101683892
303	0.101058678
304	0.100889216
305	0.101179291
306	0.100383899
307	0.099753366
308	0.099404161
309	0.099124111
310	0.099418534
311	0.100035206
312	0.099430912
313	0.10026656
314	0.100792899
315	0.100728859
316	0.10069377
317	0.101325786
318	0.101691411
319	0.102009005
320	0.101791052
321	0.100800674
322	0.101365428
323	0.101114892
324	0.100745125
325	0.101075967
326	0.101884862
327	0.102372941
328	0.102111204
329	0.102323479
330	0.102766494
331	0.103603267
332	0.104014569
333	0.103741425
334	0.104252112
335	0.104138507
336	0.103747307
337	0.102822044
338	0.103209663
339	0.103038718
340	0.103099229
341	0.102391407
342	0.102316011
343	0.102334476
344	0.102285474
345	0.10180696
346	0.101648444
347	0.102458209
348	0.102482199
349	0.102458516
350	0.102387059
351	0.103137899
352	0.102078774
353	0.102807261
354	0.103156006
355	0.103208998
356	0.103428281
357	0.10253693
358	0.102268901
359	0.102381739
360	0.102400102
361	0.102654628
362	0.103777281
363	0.10325176
364	0.103310532
365	0.104113954
366	0.103973597
367	0.104560857
368	0.104803771
369	0.104516919
370	0.104614668
371	0.103722755
372	0.103891347
373	0.104214619
374	0.103195648
375	0.101954376
376	0.102259541
377	0.102438005
378	0.101694582
379	0.101632895
380	0.10158379
381	0.101991921
382	0.101778009
383	0.101799492
384	0.101682255
385	0.101886192
386	0.10112635
387	0.100947221
388	0.101837241
389	0.101938315
390	0.101616731
391	0.101932893
392	0.101797855
393	0.101861998
394	0.102324962
395	0.102765164
396	0.102167367
397	0.102355499
398	0.102257188
399	0.102153352
400	0.101535606
401	0.101694326
402	0.101914581
403	0.101432231
404	0.101829211
405	0.101738623
406	0.102346138
407	0.101349009
408	0.100745329
409	0.100321444
410	0.099935973
411	0.099550502
412	0.099551577
413	0.099966919
414	0.100047533
415	0.100147737
416	0.100668859
417	0.101464762
418	0.101644403
419	0.102357443
420	0.103443626
421	0.103369713
422	0.103519942
423	0.102491969
424	0.102148493
425	0.10201013
426	0.102326446
427	0.102402865
428	0.10276721
429	0.103002912
430	0.102651661
431	0.103022554
432	0.102533401
433	0.103834979
434	0.104003162
435	0.104372981
436	0.104173852
437	0.104229913
438	0.103785465
439	0.103168794
440	0.103803879
441	0.103266849
442	0.103957945
443	0.103436976
444	0.103743522
445	0.103830734
446	0.104083008
447	0.104021218
448	0.104036512
449	0.104186537
450	0.103912421
451	0.103844493
452	0.103689251
453	0.1040182
454	0.103257693
455	0.102259336
456	0.101860464
457	0.10097162
458	0.101411464
459	0.100739754
460	0.101008192
461	0.100845789
462	0.100307992
463	0.100468553
464	0.100418528
465	0.100222826
466	0.099806255
467	0.100241905
468	0.09946815
469	0.100053517
470	0.099938735
471	0.100187021
472	0.100368145
473	0.100151675
474	0.100141394
475	0.101463484
476	0.102208032
477	0.10247202
478	0.102598669
479	0.102383581
480	0.102023941
481	0.102205832
482	0.101863226
483	0.101784147
484	0.102346599
485	0.101624966
486	0.10144374
487	0.100989215
488	0.100962771
489	0.101592792
490	0.101748597
491	0.101456936
492	0.102079848
493	0.101818111
494	0.101384916
495	0.101480005
496	0.100855968
497	0.101310288
498	0.101739646
499	0.1013553
500	0.101430645
501	0.101968084
502	0.102261587
503	0.103110789
504	0.103925669
505	0.103930989
506	0.103934109
507	0.104131294
508	0.104805255
509	0.105198143
510	0.10527272
511	0.105189652
512	0.104642033
513	0.104318301
514	0.103652934
515	0.103809148
516	0.104471395
517	0.104049147
518	0.103524955
519	0.103420096
520	0.10365007
521	0.103950272
522	0.104105719
523	0.104338454
524	0.104574872
525	0.104690422
526	0.104376101
527	0.105095995
528	0.104427814
529	0.103760401
530	0.103830427
531	0.103526439
532	0.103552321
533	0.10283877
534	0.102772479
535	0.102860304
536	0.103054779
537	0.102243275
538	0.102456726
539	0.103125264
540	0.103034728
541	0.103131044
542	0.102369872
543	0.102716111
544	0.10290322
545	0.102580766
546	0.102788642
547	0.102930688
548	0.103728586
549	0.103981321
550	0.103691757
551	0.103325724
552	0.104298813
553	0.104128686
554	0.104351447
555	0.104987709
556	0.104675741
557	0.104624744
558	0.104373646
559	0.10395815
560	0.104123724
561	0.104336766
562	0.10379989
563	0.103956104
564	0.104117893
565	0.103793189
566	0.103855593
567	0.104290731
568	0.103966487
569	0.103961781
570	0.103992063
571	0.103901372
572	0.104123826
573	0.104032574
574	0.102676623
575	0.10233642
576	0.102581329
577	0.102444706
578	0.103076313
579	0.103017592
580	0.102867721
581	0.10216706
582	0.101845476
583	0.102199336
584	0.10300015
585	0.103185878
586	0.103081786
587	0.103225827
588	0.102719384
589	0.103219535
590	0.103238358
591	0.103174522
592	0.102970176
593	0.102721072
594	0.102853808
595	0.102740765
596	0.102803169
597	0.102490792
598	0.102266446
599	0.101463177
600	0.101299188
601	0.101741129
602	0.102471099
603	0.102169976
604	0.102136421
605	0.102381944
606	0.101798571
607	0.102070283
608	0.102614781
609	0.102488542
610	0.102242712
611	0.102592582
612	0.102941992
613	0.103058104
614	0.103306951
615	0.103038002
616	0.103065469
617	0.103222348
618	0.102940918
619	0.103473242
620	0.103771194
621	0.103371708
622	0.102267929
623	0.102306548
624	0.102150743
625	0.102397852
626	0.102769614
627	0.102908028
628	0.102952324
629	0.103252016
630	0.10355319
631	0.104438249
632	0.105098757
633	0.105597936
634	0.105139473
635	0.105016046
636	0.105327809
637	0.105166992
638	0.105346991
639	0.105068885
640	0.104585972
641	0.104330168
642	0.104412009
643	0.10422756
644	0.104747403
645	0.104566791
646	0.103377283
647	0.102501483
648	0.102462097
649	0.102558772
650	0.102401586
651	0.102007675
652	0.101804607
653	0.101828188
654	0.101550849
655	0.101767779
656	0.102803476
657	0.103151198
658	0.103350378
659	0.103521835
660	0.103094114
661	0.103593037
662	0.102607467
663	0.10212793
664	0.102306088
665	0.102256011
666	0.101859952
667	0.101495248
668	0.100899395
669	0.100187123
670	0.10087694
671	0.100132392
672	0.100961901
673	0.101070596
674	0.100892285
675	0.100733974
676	0.100938985
677	0.101127117
678	0.101613508
679	0.101944504
680	0.101851103
681	0.102284655
682	0.102558772
683	0.102178262
684	0.10198834
685	0.102401177
686	0.102413504
687	0.102843629
688	0.102686392
689	0.103220046
690	0.103574111
691	0.103261325
692	0.103523881
693	0.104323007
694	0.104333749
695	0.10383324
696	0.103936053
697	0.103982651
698	0.103204752
699	0.102606597
700	0.102484245
701	0.10313529
702	0.103144139
703	0.10289258
704	0.10287524
705	0.118358885
706	0.188697201
707	0.250794643
708	0.337449847
709	0.411919596
710	0.49781373
711	0.575675429
712	0.660834631
713	0.739086712
714	0.827432034
715	0.888273729
716	0.907075206
717	0.920956661
718	0.923125242
719	0.928226798
720	0.932412145
721	0.942378225
722	0.951459707
723	0.97258378
724	0.98478018
725	1.014308143
726	1.032119345
727	1.062573645
728	1.083324369
729	1.111180372
730	1.129924868
731	1.150636001
732	1.166262817
733	1.177933133
734	1.186676663
735	1.193528695
736	1.196064179
737	1.200995097
738	1.202637441
739	1.20761823
740	1.208613007
741	1.211473707
742	1.211573399
743	1.213056306
744	1.214266325
745	1.213554462
746	1.213561009
747	1.214187502
748	1.213996352
749	1.213951135
750	1.216348512
751	1.239590169
752	1.268369184
753	1.316145635
754	1.380964699
755	1.467783687
756	1.5747155
757	1.701842235
758	1.849882353
759	2.016205946
760	2.20230697
761	2.389051929
762	2.591404726
763	2.790352275
764	2.995187257
765	3.194613115
766	3.395760957
767	3.591937217
768	3.787811894
769	3.980136155
770	4.170722627
771	4.351340357
772	4.526061345
773	4.694555923
774	4.857384447
775	5.012291635
776	5.156261138
777	5.288332499
778	5.403182681
779	5.499595731
780	5.577025821
781	5.639754564
782	5.688224311
783	5.721946213
784	5.739275116
785	5.743607623
786	5.738175225
787	5.722042121
788	5.701670934
789	5.680314689
790	5.654794733
791	5.629151812
792	5.599496229
793	5.570418085
794	5.539875754
795	5.507242694
796	5.474486617
797	5.441439186
798	5.407413091
799	5.374004486
800	5.342201805
801	5.312325762
802	5.282883732
803	5.254370956
804	5.223272772
805	5.194875493
806	5.163865033
807	5.135198241
808	5.107299425
809	4.994885086
810	4.783861393
811	4.57828176
812	4.333792735
813	4.098105859
814	3.841607696
815	3.597219131
816	3.33060476
817	3.080305846
818	2.807194837
819	2.640230532
820	2.545077935
821	2.46756007
822	2.408062817
823	2.350186373
824	2.309542976
825	2.261431898
826	2.234252054
827	2.190275479
828	2.172797831
829	2.133706905
830	2.120003199
831	2.091846891
832	2.08074629
833	2.077518073
834	2.089333248
835	2.105579088
836	2.132295507
837	2.158899138
838	2.192957101
839	2.222153914
840	2.263941499
841	2.29137106
842	2.330908223
843	2.359380745
844	2.386825548
845	2.413887745
846	2.439500487
847	2.474052206
848	2.504699702
849	2.543886637
850	2.585368342
851	2.632761726
852	2.68147592
853	2.728038772
854	2.773887306
855	2.817952883
856	2.859958063
857	2.901493782
858	2.939777705
859	2.977283933
860	3.008885644
861	3.040685972
862	3.071188609
863	3.099994888
864	3.12469674
865	3.145610686
866	3.17075581
867	3.232893099
868	3.350038868
869	3.513695111
870	3.717846977
871	3.962230632
872	4.244406601
873	4.561274543
874	4.919500252
875	5.320974817
876	5.754103726
877	6.186259495
878	6.603760719
879	7.014557174
880	7.419311464
881	7.825448559
882	8.224687228
883	8.626563121
884	9.025278111
885	9.416895238
886	9.809104281
887	10.19499592
888	10.57989656
889	10.9546965
890	11.33362132
891	11.70789021
892	12.08902198
893	12.47208069
894	12.86277363
895	13.25883457
896	13.65468262
897	14.0592323
898	14.46363386
899	14.87758764
900	15.28772865
901	15.69205097
902	16.08918213
903	16.47562701
904	16.85368161
905	17.22122266
906	17.57700194
907	17.92896477
908	18.26583838
909	18.59763616
910	18.92212401
911	19.24593861
912	19.5690882
913	19.88609384
914	20.19871736
915	20.52103525
916	20.8496043
917	21.17561357
918	21.51423131
919	21.85398495
920	22.18694272
921	22.52701534
922	22.86675635
923	23.2231524
924	23.59185912
925	23.96318092
926	24.34700244
927	24.74279305
928	25.14205382
929	25.54305897
930	25.94363456
931	26.35546897
932	26.76523607
933	27.17464209
934	27.5617704
935	27.94654496
936	28.30928737
937	28.63272729
938	28.94638155
939	29.26443623
940	29.59054366
941	29.8916809
942	30.19554856
943	30.48442434
944	30.77221828
945	31.05848896
946	31.35277345
947	31.67234864
948	31.99354587
949	32.31454933
950	32.63465884
951	32.97410267
952	33.31598438
953	33.6655417
954	34.03238603
955	34.39996984
956	34.77958995
957	35.156204
958	35.53572769
959	35.89479033
960	36.24996168
961	36.58531115
962	36.90687917
963	37.21007046
964	37.48363579
965	37.71593757
966	37.89682569
967	38.04829862
968	38.16966289
969	38.26419431
970	38.34285166
971	38.39922228
972	38.43741311
973	38.4569223
974	38.45588113
975	38.46510522
976	38.48898595
977	38.5075283
978	38.53243046
979	38.55767108
980	38.58266403
981	38.59699203
982	38.62021118
983	38.64009802
984	38.68200607
985	38.7024613
986	38.74094757
987	38.76209834
988	38.76049922
989	38.78271122
990	38.79704853
991	38.82246081
992	38.85056566
993	38.88595251
994	38.93067277
995	38.97178823
996	38.98510519
997	39.02997399
998	39.08466845
999	39.13320301
1000	39.17420962
1001	39.21232511
1002	39.23936449
1003	39.26513657
1004	39.26577682
1005	39.27997551
1006	39.29798507
1007	39.28995428
1008	39.28421707
1009	39.26317699
1010	39.27487334
1011	39.25545908
1012	39.24442267
1013	39.22932711
1014	39.23079099
1015	39.22756333
1016	39.21640503
1017	39.23972873
1018	39.23118029
1019	39.22956634
1020	39.18181551
1021	39.18318661
1022	39.20083663
1023	39.18150784
1024	39.17146207
1025	39.17758122
1026	39.19406808
1027	39.15207144
1028	39.15637116
1029	39.14177661
1030	39.16260007
1031	39.13076737
1032	39.06655398
1033	39.00492017
1034	38.94297909
1035	38.88367503
1036	38.81626606
1037	38.78992018
1038	38.72294225
1039	38.65667476
1040	38.59734901
1041	38.56232134
1042	38.51370387
1043	38.49195688
1044	38.44371527
1045	38.40167577
1046	38.33598673
1047	38.25193438
1048	38.21923181
1049	38.19789019
1050	38.15417684
1051	38.06619627
1052	38.00018862
1053	37.96688436
1054	37.93937112
1055	37.91213547
1056	37.882607
1057	37.8613818
1058	37.8376135
1059	37.81776103
1060	37.79624361
1061	37.83355955
1062	37.85296471
1063	37.84546629
1064	37.84592808
1065	37.81296341
1066	37.81595986
1067	37.8051676
1068	37.7910555
1069	37.79323958
1070	37.81666559
1071	37.81634323
1072	37.83428891
1073	37.83032924
1074	37.82800271
1075	37.84307807
1076	37.87898124
1077	37.90338406
1078	37.9064044
1079	37.90356432
1080	37.90290304
1081	37.91440461
1082	37.92211879
1083	37.93664975
1084	37.92808494
1085	37.92387561
1086	37.90017989
1087	37.90116361
1088	37.9158644
1089	37.91604148
1090	37.86485538
1091	37.82127569
1092	37.76608445
1093	37.75099103
1094	37.74132106
1095	37.72696574
1096	37.70956937
1097	37.6965674
1098	37.70879685
1099	37.69979107
1100	37.72518821
1101	37.74519444
1102	37.76933108
1103	37.76630004
1104	37.75951262
1105	37.73598738
1106	37.69439611
1107	37.64793561
1108	37.591712
1109	37.56047724
1110	37.50859856
1111	37.46222742
1112	37.39364224
1113	37.33721086
1114	37.31708611
1115	37.27911528
1116	37.27151768
1117	37.26049739
1118	37.22294481
1119	37.15448122
1120	37.14354205
1121	37.12368063
1122	37.0966258
1123	37.08874523
1124	37.06310297
1125	37.06743691
1126	37.05029486
1127	37.04240979
1128	37.03194295
1129	37.0478825
1130	37.02191395
1131	36.99417145
1132	37.02015325
1133	37.04185875
1134	37.03891749
1135	37.05130918
1136	37.04301409
1137	37.0445618
1138	37.05912602
1139	37.0648891
1140	37.04448671
1141	37.03628195
1142	37.02262341
1143	37.01291881
1144	37.00571492
1145	36.99136134
1146	37.00101259
1147	37.01325861
1148	37.00582284
1149	37.00188287
1150	37.02014685
1151	37.00240005
1152	36.97610036
1153	36.95947406
1154	36.97056366
1155	36.99957787
1156	37.01936348
1157	37.011291
1158	36.98881834
1159	37.00368178
1160	37.00478024
1161	37.04041564
1162	37.07511027
1163	37.09622335
1164	37.09440341
1165	37.06086125
1166	37.04317327
1167	37.01714304
1168	36.99952518
1169	36.96502814
1170	36.9530298
1171	36.98981204
1172	36.9958916
1173	36.97463285
1174	36.94845898
1175	36.94889197
1176	36.9371791
1177	36.91343954
1178	36.94390197
1179	36.94996306
1180	36.97749487
1181	36.94206659
1182	36.93968144
1183	36.91170692
1184	36.9108126
1185	36.86808932
1186	36.86148291
1187	36.90352103
1188	36.87971728
1189	36.87461803
1190	36.8294522
1191	36.79975963
1192	36.75196139
1193	36.76970257
1194	36.76687046
1195	36.77314316
1196	36.75990805
1197	36.76200087
1198	36.77208987
1199	36.77345682
1200	36.77473814
1201	36.78093212
1202	36.79267359
1203	36.78325661
1204	36.78167416
1205	36.7987867
1206	36.82332323
1207	36.80740291
1208	36.83717134
1209	36.86439077
1210	36.88256734
1211	36.87996761
1212	36.89390078
1213	36.89541494
1214	36.90658505
1215	36.92237192
1216	36.93258061
1217	36.94509695
1218	36.91101838
1219	36.89862541
1220	36.86220526
1221	36.84953024
1222	36.83669165
1223	36.82596138
1224	36.78768216
1225	36.76536577
1226	36.73407792
1227	36.72045999
1228	36.72054163
1229	36.71131508
1230	36.75479539
1231	36.7516351
1232	36.75683932
1233	36.77330546
1234	36.80289644
1235	36.80648532
1236	36.81794265
1237	36.8200232
1238	36.81782608
1239	36.79657428
1240	36.77702089
1241	36.79757934
1242	36.80954981
1243	36.81078024
1244	36.81289455
1245	36.82427704
1246	36.83267039
1247	36.829001
1248	36.84969024
1249	36.84911367
1250	36.83577994
1251	36.85221345
1252	36.85532709
1253	36.85847259
1254	36.86103764
1255	36.8618982
1256	36.86335988
1257	36.85517814
1258	36.84206261
1259	36.87329507
1260	36.90134877
1261	36.91467866
1262	36.9067826
1263	36.8902297
1264	36.90778423
1265	36.92134558
1266	36.91080539
1267	36.93013868
1268	36.94261426
1269	36.9373682
1270	36.93701419
1271	36.92737445
1272	36.94199784
1273	36.94714472
1274	36.9213329
1275	36.89322723
1276	36.88996116
1277	36.87986915
1278	36.86350965
1279	36.8577592
1280	36.8678442
1281	36.85195831
1282	36.82257004
1283	36.82419259
1284	36.81636077
1285	36.79505838
1286	36.77561865
1287	36.76468536
1288	36.77287677
1289	36.78422095
1290	36.76481646
1291	36.78784804
1292	36.79916404
1293	36.80975993
1294	36.81183322
1295	36.82280098
1296	36.83509099
1297	36.84911357
1298	36.84019822
1299	36.80535919
1300	36.79019764
1301	36.74973179
1302	36.73421889
1303	36.73465162
1304	36.77750969
1305	36.79104291
1306	36.79085283
1307	36.75642259
1308	36.75937199
1309	36.78342556
1310	36.7884221
1311	36.79355108
1312	36.8106921
1313	36.78059995
1314	36.74648572
1315	36.75254431
1316	36.76204788
1317	36.78431333
1318	36.76588561
1319	36.76867388
1320	36.7682746
1321	36.75474393
1322	36.73439275
1323	36.7426415
1324	36.6935825
1325	36.65473387
1326	36.62918404
1327	36.628144
1328	36.63499946
1329	36.62250552
1330	36.63308525
1331	36.65937615
1332	36.68448194
1333	36.68775767
1334	36.72823826
1335	36.73570282
1336	36.74898591
1337	36.7728157
1338	36.77904262
1339	36.76290394
1340	36.74947829
1341	36.74168493
1342	36.71457516
1343	36.69603374
1344	36.71944255
1345	36.74850208
1346	36.7356954
1347	36.7039406
1348	36.69060732
1349	36.69489313
1350	36.70621322
1351	36.70269733
1352	36.74087803
1353	36.78959355
1354	36.77003408
1355	36.76749788
1356	36.79441731
1357	36.79690876
1358	36.78140025
1359	36.78083872
1360	36.74604705
1361	36.71694784
1362	36.7050812
1363	36.65029328
1364	36.6266058
1365	36.60585625
1366	36.56341675
1367	36.55583802
1368	36.54553885
1369	36.55773576
1370	36.58888003
1371	36.62925074
1372	36.62587189
1373	36.65269255
1374	36.67306742
1375	36.65170473
1376	36.67548321
1377	36.6710681
1378	36.70805111
1379	36.66631912
1380	36.6255877
1381	36.60476142
1382	36.59268645
1383	36.59593365
1384	36.58207905
1385	36.58437622
1386	36.55649873
1387	36.5661084
1388	36.52880263
1389	36.54373241
1390	36.58746081
1391	36.58444164
1392	36.59977122
1393	36.57999302
1394	36.5714652
1395	36.58609509
1396	36.62439814
1397	36.61033556
1398	36.61762048
1399	36.63034174
1400	36.60796473
1401	36.59804607
1402	36.5797852
1403	36.57618573
1404	36.57781258
1405	36.5826015
1406	36.58295439
1407	36.5853331
1408	36.58184462
1409	36.56676103
1410	36.56288734
1411	36.56096122
1412	36.54151176
1413	36.54101033
1414	36.5433248
1415	36.55023263
1416	36.53415549
1417	36.54205984
1418	36.58090013
1419	36.62392095
1420	36.64363429
1421	36.64440744
1422	36.68938779
1423	36.68946973
1424	36.69638908
1425	36.71491266
1426	36.71876885
1427	36.70768354
1428	36.69250148
1429	36.67011757
1430	36.63415077
1431	36.62498755
1432	36.58847809
1433	36.57850244
1434	36.53987428
1435	36.50061108
1436	36.5004676
1437	36.49097656
1438	36.47095907
1439	36.45771204
1440	36.48402969
1441	36.50803569
1442	36.52320368
1443	36.52714591
1444	36.55505532
1445	36.56171917
1446	36.53440996
1447	36.53506172
1448	36.54259457
1449	36.54895366
1450	36.5321998
1451	36.53111934
1452	36.51130201
1453	36.53418469
1454	36.52296686
1455	36.51352052
1456	36.49330831
1457	36.47776277
1458	36.49121077
1459	36.47706068
1460	36.48970377
1461	36.48959355
1462	36.49632174
1463	36.47764011
1464	36.47516744
1465	36.46776886
1466	36.49006838
1467	36.48867452
1468	36.46146414
1469	36.45299744
1470	36.45330414
1471	36.4634159
1472	36.46116169
1473	36.41265133
1474	36.41202878
1475	36.42120509
1476	36.43166063
1477	36.44627543
1478	36.45137433
1479	36.4766217
1480	36.45890063
1481	36.42568435
1482	36.42208718
1483	36.45263565
1484	36.44713691
1485	36.42208294
1486	36.4104782
1487	36.41723892
1488	36.39407225
1489	36.36348031
1490	36.38451901
1491	36.37899792
1492	36.3797197
1493	36.39826676
1494	36.41146898
1495	36.41771196
1496	36.40448422
1497	36.38243304
1498	36.41806751
1499	36.42493284
1500	36.39475757
1501	36.39861627
1502	36.38385231
1503	36.37815531
1504	36.39735827
1505	36.41229425
1506	36.42203393
1507	36.42711079
1508	36.41270872
1509	36.3975416
1510	36.40976398
1511	36.40396064
1512	36.40785499
1513	36.41999487
1514	36.39656799
1515	36.39090588
1516	36.36773635
1517	36.37335089
1518	36.36561728
1519	36.38307559
1520	36.38468213
1521	36.39502555
1522	36.37265366
1523	36.34258089
1524	36.33627059
1525	36.34711421
1526	36.37374214
1527	36.38933822
1528	36.3861588
1529	36.38918062
1530	36.37691563
1531	36.36634147
1532	36.377857
1533	36.39488662
1534	36.39334152
1535	36.38885341
1536	36.39201268
1537	36.38267503
1538	36.39748165
1539	36.38556606
1540	36.38677306
1541	36.40838429
1542	36.39590785
1543	36.36260845
1544	36.35263111
1545	36.3341971
1546	36.32599254
1547	36.30805019
1548	36.30038149
1549	36.30891029
1550	36.33569413
1551	36.30823659
1552	36.33586272
1553	36.36298722
1554	36.38412484
1555	36.39178388
1556	36.38656938
1557	36.39787239
1558	36.4241996
1559	36.41305787
1560	36.38567819
1561	36.40232418
1562	36.38145023
1563	36.35649395
1564	36.37044543
1565	36.3664606
1566	36.38147928
1567	36.39694221
1568	36.38883469
1569	36.40545961
1570	36.41245118
1571	36.39905959
1572	36.41398043
1573	36.44959357
1574	36.4382854
1575	36.43347453
1576	36.41812153
1577	36.40327097
1578	36.38034712
1579	36.37422403
1580	36.34279986
1581	36.35764372
1582	36.34822577
1583	36.33179399
1584	36.33043318
1585	36.35807354
1586	36.36112375
1587	36.36450087
1588	36.36931695
1589	36.37469058
1590	36.41888889
1591	36.41936955
1592	36.41814874
1593	36.41355639
1594	36.37784043
1595	36.33781509
1596	36.31237017
1597	36.29719261
1598	36.31248643
1599	36.2766784
1600	36.23547179
1601	36.15996516
1602	36.13445585
1603	36.10979451
1604	36.13064012
1605	36.1230132
1606	36.15151427
1607	36.15559547
1608	36.1164025
1609	36.11628823
1610	36.11830617
1611	36.18512333
1612	36.21489549
1613	36.22825485
1614	36.22546192
1615	36.25202755
1616	36.2265813
1617	36.22744948
1618	36.21704018
1619	36.23850635
1620	36.25557868
1621	36.24366744
1622	36.22249585
1623	36.22052967
1624	36.20926539
1625	36.1945888
1626	36.20682116
1627	36.19902642
1628	36.22371805
1629	36.23287779
1630	36.21647364
1631	36.21772805
1632	36.2369304
1633	36.25462503
1634	36.27842816
1635	36.28579472
1636	36.27980238
1637	36.28328568
1638	36.27465279
1639	36.27735257
1640	36.30080425
1641	36.3166436
1642	36.31460371
1643	36.32662323
1644	36.3111136
1645	36.32050342
1646	36.32973564
1647	36.33656343
1648	36.34925149
1649	36.34873901
1650	36.33244412
1651	36.3148189
1652	36.31783494
1653	36.29677783
1654	36.29407406
1655	36.28906626
1656	36.27214083
1657	36.26200734
1658	36.26735897
1659	36.22982067
1660	36.24279614
1661	36.22676048
1662	36.25683197
1663	36.26619258
1664	36.28957189
1665	36.27128478
1666	36.2957254
1667	36.29779532
1668	36.30797817
1669	36.29108344
1670	36.2719061
1671	36.25991809
1672	36.1888628
1673	36.16212485
1674	36.1078937
1675	36.10478809
1676	36.05708601
1677	36.03388502
1678	36.01309087
1679	36.01636543
1680	36.01416529
1681	36.00264285
1682	36.01810501
1683	36.00344479
1684	36.01723422
1685	36.01610543
1686	36.04300057
1687	36.05238579
1688	36.04353801
1689	36.09354529
1690	36.07877126
1691	36.10874306
1692	36.10538036
1693	36.11315096
1694	36.10578282
1695	36.0940503
1696	36.07447809
1697	36.02995696
1698	36.0115875
1699	35.98296122
1700	36.01109196
1701	35.99359293
1702	35.99878343
1703	36.01262029
1704	35.99303564
1705	35.98355442
1706	36.00109186
1707	36.05440761
1708	36.07779004
1709	36.05042493
1710	36.03500149
1711	36.05106405
1712	36.0515951
1713	36.04903179
1714	36.09794025
1715	36.14468469
1716	36.14923541
1717	36.13984308
1718	36.12437918
1719	36.14927694
1720	36.14802048
1721	36.15029013
1722	36.10691918
1723	36.10539397
1724	36.08396335
1725	36.06841331
1726	36.07189785
1727	36.06717353
1728	36.05732673
1729	36.05755926
1730	36.0345418
1731	36.02128116
1732	36.02940438
1733	36.02081947
1734	36.01168766
1735	36.00189922
1736	35.98262358
1737	35.98193857
1738	35.96603436
1739	35.94657898
1740	35.93542999
1741	35.90684632
1742	35.92926859
1743	35.91777807
1744	35.9274551
1745	35.93111058
1746	35.91185268
1747	35.89139623
1748	35.89486649
1749	35.86267399
1750	35.8832484
1751	35.89172968
1752	35.8763266
1753	35.87055747
1754	35.88800131
1755	35.88030596
1756	35.90037628
1757	35.88773487
1758	35.90660427
1759	35.95577959
1760	35.95971287
1761	35.97908692
1762	36.01481449
1763	36.03389397
1764	36.01478334
1765	36.01491004
1766	36.01361757
1767	36.05565139
1768	36.05691026
1769	36.05826381
1770	36.06069776
1771	36.09684747
1772	36.09578896
1773	36.11023988
1774	36.10957246
1775	36.12372788
1776	36.14515001
1777	36.15705291
1778	36.16148173
1779	36.13721594
1780	36.1348072
1781	36.12084928
1782	36.13595134
1783	36.12524843
1784	36.13552924
1785	36.14989827
1786	36.16111764
1787	36.17760517
1788	36.19465126
1789	36.2343363
1790	36.24624963
1791	36.20906452
1792	36.20346532
1793	36.20875695
1794	36.21245141
1795	36.21656786
1796	36.21489953
1797	36.2150162
1798	36.19097915
1799	36.2063693
1800	36.22748958
1801	36.27567258
1802	36.30147463
1803	36.2944337
1804	36.32317185
1805	36.30852927
1806	36.29306721
1807	36.28643753
1808	36.30426541
1809	36.28370819
1810	36.25047334
1811	36.19746372
1812	36.15665388
1813	36.13523912
1814	36.11108238
1815	36.10585238
1816	36.11069614
1817	36.09542528
1818	36.09402145
1819	36.0701954
1820	36.11023164
1821	36.15980276
1822	36.16461245
1823	36.20042202
1824	36.21369677
1825	36.21303089
1826	36.2158183
1827	36.21723394
1828	36.20476189
1829	36.2276261
1830	36.21744309
1831	36.2235339
1832	36.21092523
1833	36.21235223
1834	36.19542394
1835	36.20170948
1836	36.19697002
1837	36.18078192
1838	36.17410258
1839	36.1821788
1840	36.15615388
1841	36.15557383
1842	36.17741494
1843	36.17064178
1844	36.1807741
1845	36.19556977
1846	36.21865649
1847	36.24512099
1848	36.255764
1849	36.25996858
1850	36.29046119
1851	36.27639007
1852	36.27739354
1853	36.29939162
1854	36.29850938
1855	36.27600664
1856	36.25526738
1857	36.25284325
1858	36.27262651
1859	36.26419674
1860	36.23510473
1861	36.22653701
1862	36.22064062
1863	36.22590381
1864	36.21504761
1865	36.22980486
1866	36.22745976
1867	36.20976779
1868	36.20936365
1869	36.23947509
1870	36.28456598
1871	36.2918399
1872	36.29905746
1873	36.26874372
1874	36.29181392
1875	36.29233693
1876	36.28108994
1877	36.2984859
1878	36.2889322
1879	36.27246308
1880	36.26180862
1881	36.28394245
1882	36.27210662
1883	36.27343597
1884	36.23541353
1885	36.23926016
1886	36.25580395
1887	36.23481588
1888	36.25370652
1889	36.23360167
1890	36.21773859
1891	36.17466528
1892	36.17834276
1893	36.18912904
1894	36.2225622
1895	36.1903675
1896	36.19030187
1897	36.20593242
1898	36.20496905
1899	36.24008593
1900	36.2203798
1901	36.25926705
1902	36.26680496
1903	36.2500403
1904	36.23550524
1905	36.26606772
1906	36.25158965
1907	36.25010823
1908	36.24251906
1909	36.1933016
1910	36.20180278
1911	36.17228453
1912	36.15664125
1913	36.16142331
1914	36.13355028
1915	36.12588853
1916	36.1435914
1917	36.16142505
1918	36.13627814
1919	36.14293478
1920	36.1618893
1921	36.18137844
1922	36.16947611
1923	36.18263235
1924	36.21081285
1925	36.21579425
1926	36.19729237
1927	36.17645003
1928	36.19659094
1929	36.18969492
1930	36.17228269
1931	36.16758323
1932	36.18282805
1933	36.1905835
1934	36.17976321
1935	36.15670442
1936	36.12816627
1937	36.11166739
1938	36.09107165
1939	36.08183779
1940	36.05619748
1941	36.03965957
1942	35.9945897
1943	36.0228392
1944	35.99088808
1945	36.01695975
1946	36.03794275
1947	36.03653493
1948	36.05586229
1949	36.06605496
1950	36.06636366
1951	36.06483487
1952	36.09772849
1953	36.04069808
1954	36.08318438
1955	36.07031873
1956	36.09317072
1957	36.11885466
1958	36.06050804
1959	36.06665409
1960	36.09016229
1961	36.09116485
1962	36.09416733
1963	36.08787116
1964	36.05474986
1965	36.05500823
1966	36.04730315
1967	36.03270851
1968	36.08050675
1969	36.09084454
1970	36.09627985
1971	36.10077251
1972	36.10750772
1973	36.13417549
1974	36.16869754
1975	36.16613403
1976	36.17551311
1977	36.17271849
1978	36.18050689
1979	36.16987754
1980	36.18105476
1981	36.1773733
1982	36.16744543
1983	36.14139913
1984	36.14152773
1985	36.14817649
1986	36.14029172
1987	36.13928457
1988	36.1352517
1989	36.13712356
1990	36.12400384
1991	36.12475069
1992	36.13106968
1993	36.13037239
1994	36.15767884
1995	36.15347727
1996	36.14463927
1997	36.158444
1998	36.16900076
1999	36.19651718
2000	36.21850437
2001	36.25867094
2002	36.29618704
2003	36.33153195
2004	36.31087775
2005	36.30860988
2006	36.33609433
2007	36.34702051
2008	36.35052074
2009	36.34060008
2010	36.32192843
2011	36.27893363
2012	36.24152331
2013	36.24679085
2014	36.25991057
2015	36.29729194
2016	36.29429135
2017	36.30530463
2018	36.32216694
2019	36.32476099
2020	36.34897415
2021	36.38896845
2022	36.43670991
2023	36.43669712
2024	36.41153579
2025	36.39748589
2026	36.41079047
2027	36.40817754
2028	36.39673684
2029	36.39601956
2030	36.40437383
2031	36.41022827
2032	36.4042056
2033	36.4216614
2034	36.42282191
2035	36.38501144
2036	36.34905098
2037	36.36424946
2038	36.35130733
2039	36.36521713
2040	36.35756392
2041	36.37052523
2042	36.35536322
2043	36.35557534
2044	36.42642818
2045	36.4892894
2046	36.53349779
2047	36.52406762
2048	36.54068901
2049	36.54115074
2050	36.53852682
2051	36.52242139
2052	36.53710248
2053	36.53382623
2054	36.50776168
2055	36.50625411
2056	36.51113378
2057	36.50934908
2058	36.49235511
2059	36.50523576
2060	36.51521386
2061	36.51770152
2062	36.52702694
2063	36.5170228
2064	36.50828996
2065	36.52246016
2066	36.5359341
2067	36.54430448
2068	36.57020679
2069	36.56598963
2070	36.57347454
2071	36.57046909
2072	36.54621777
2073	36.58229209
2074	36.57496165
2075	36.56338325
2076	36.54555281
2077	36.56822639
2078	36.5942044
2079	36.58726741
2080	36.55699295
2081	36.55926189
2082	36.55166511
2083	36.51727426
2084	36.52856549
2085	36.50176539
2086	36.51757164
2087	36.49357296
2088	36.4622201
2089	36.46466331
2090	36.46921474
2091	36.4745967
2092	36.47790088
2093	36.46411032
2094	36.4471654
2095	36.45767424
2096	36.41433434
2097	36.41027513
2098	36.42325659
2099	36.42365735
2100	36.45046697
2101	36.44667338
2102	36.50036648
2103	36.49850158
2104	36.50203823
2105	36.47350955
2106	36.488427
2107	36.48200699
2108	36.45914017
2109	36.44652638
2110	36.42827262
2111	36.41826884
2112	36.39095181
2113	36.41245409
2114	36.40764911
2115	36.41731739
2116	36.41877922
2117	36.42507489
2118	36.41674067
2119	36.40649075
2120	36.39519005
2121	36.39742272
2122	36.38175969
2123	36.33969252
2124	36.30605614
2125	36.30608437
2126	36.29134216
2127	36.29412096
2128	36.32042608
2129	36.33883462
2130	36.36682315
2131	36.36523058
2132	36.3586897
2133	36.38841234
2134	36.42030392
2135	36.41858132
2136	36.39481747
2137	36.37709179
2138	36.34896392
2139	36.31962281
2140	36.28413642
2141	36.2813951
2142	36.2844224
2143	36.28445048
2144	36.26735713
2145	36.28406286
2146	36.29234082
2147	36.28816458
2148	36.27089757
2149	36.29448546
2150	36.2976235
2151	36.27790055
2152	36.26347439
2153	36.24825463
2154	36.22688831
2155	36.21085316
2156	36.2357478
2157	36.2644994
2158	36.28043414
2159	36.26547356
2160	36.27386947
2161	36.28429478
2162	36.28370716
2163	36.29047848
2164	36.30310234
2165	36.28319402
2166	36.27330819
2167	36.26127379
2168	36.25832138
2169	36.26487499
2170	36.23343533
2171	36.20990846
2172	36.2104972
2173	36.20462516
2174	36.22080921
2175	36.22054292
2176	36.21088896
2177	36.20215433
2178	36.18709115
2179	36.18708665
2180	36.22545732
2181	36.23288244
2182	36.23708273
2183	36.22380925
2184	36.21165581
2185	36.22944911
2186	36.23352668
2187	36.23825341
2188	36.24457046
2189	36.23429057
2190	36.21519528
2191	36.25179001
2192	36.25482748
2193	36.26944269
2194	36.28805021
2195	36.28762248
2196	36.28297233
2197	36.25701284
2198	36.26515489
2199	36.25040633
2200	36.245097
2201	36.22806845
2202	36.22463379
2203	36.2349098
2204	36.25229031
2205	36.26653984
2206	36.30089806
2207	36.31749193
2208	36.3153835
2209	36.31568007
2210	36.32792046
2211	36.33528763
2212	36.32969283
2213	36.33737217
2214	36.33662512
2215	36.3267285
2216	36.28270011
2217	36.26825856
2218	36.27493361
2219	36.30991663
2220	36.33066571
2221	36.32660415
2222	36.33750624
2223	36.33497316
2224	36.30689746
2225	36.29267688
2226	36.29388373
2227	36.27832382
2228	36.28236778
2229	36.26564067
2230	36.23271528
2231	36.23083846
2232	36.23241109
2233	36.21778294
2234	36.23952384
2235	36.25451551
2236	36.27496496
2237	36.28730515
2238	36.27982872
2239	36.29017623
2240	36.31148823
2241	36.31126971
2242	36.2994305
2243	36.30929597
2244	36.28948258
2245	36.28046457
2246	36.287823
2247	36.29194584
2248	36.28394128
2249	36.27871251
2250	36.29338081
2251	36.29199284
2252	36.3143787
2253	36.32559996
2254	36.33282688
2255	36.3695172
2256	36.37178599
2257	36.37361181
2258	36.41302498
2259	36.38487476
2260	36.35403934
2261	36.3284599
2262	36.32136372
2263	36.29719148
2264	36.31477808
2265	36.26782403
2266	36.2656822
2267	36.28079986
2268	36.26048771
2269	36.31132153
2270	36.32112459
2271	36.32476386
2272	36.30685583
2273	36.32047519
2274	36.30351012
2275	36.31442617
2276	36.29788682
2277	36.30152982
2278	36.28911373
2279	36.26546456
2280	36.27497156
2281	36.30611737
2282	36.33554431
2283	36.33660174
2284	36.3546667
2285	36.36926999
2286	36.36839286
2287	36.32991043
2288	36.34283286
2289	36.32637172
2290	36.29498239
2291	36.29447636
2292	36.29735511
2293	36.32240996
2294	36.30458786
2295	36.30000784
2296	36.31069468
2297	36.31461962
2298	36.30637992
2299	36.34167798
2300	36.35350717
2301	36.31826824
2302	36.27974437
2303	36.24154495
2304	36.23452473
2305	36.22864375
2306	36.23683316
2307	36.26377173
2308	36.24545679
2309	36.24691597
2310	36.26247649
2311	36.28649364
2312	36.28832734
2313	36.27362144
2314	36.28528321
2315	36.30028026
2316	36.31023033
2317	36.3044519
2318	36.34490011
2319	36.32987595
2320	36.31915852
2321	36.3065745
2322	36.32375481
2323	36.33453807
2324	36.30850405
2325	36.26046428
2326	36.23722283
2327	36.2230646
2328	36.17980336
2329	36.16385036
2330	36.1653482
2331	36.17730686
2332	36.19311894
2333	36.2119775
2334	36.24395205
2335	36.27580552
2336	36.2909219
2337	36.32091789
2338	36.34431873
2339	36.35493944
2340	36.34455612
2341	36.35082217
2342	36.33453971
2343	36.31783847
2344	36.29704044
2345	36.29733926
2346	36.27395479
2347	36.29658489
2348	36.33166244
2349	36.33454155
2350	36.33433572
2351	36.32594983
2352	36.31890067
2353	36.294834
2354	36.29582494
2355	36.30984507
2356	36.30024983
2357	36.26864403
2358	36.22845178
2359	36.20282395
2360	36.2215443
2361	36.21791593
2362	36.19989291
2363	36.21208445
2364	36.2142515
2365	36.20725686
2366	36.21682039
2367	36.23151468
2368	36.22342393
2369	36.23395497
2370	36.23675817
2371	36.23206853
2372	36.25118658
2373	36.26206918
2374	36.270599
2375	36.21840892
2376	36.19440522
2377	36.14492428
2378	36.1462056
2379	36.12789916
2380	36.07541716
2381	36.05756095
2382	36.03254339
2383	36.03482353
2384	36.02690476
2385	36.06430352
2386	36.09308304
2387	36.10644731
2388	36.08600498
2389	36.10321664
2390	36.14373268
2391	36.15050307
2392	36.16129892
2393	36.14997862
2394	36.13627886
2395	36.11182401
2396	36.09129456
2397	36.07886758
2398	36.10190888
2399	36.06485553
2400	36.02088904
2401	36.01665239
2402	35.97534828
2403	35.94606548
2404	35.93395363
2405	35.9611213
2406	35.94886602
2407	35.95899292
2408	35.92580396
2409	35.94395316
2410	35.97644924
2411	35.98586371
2412	36.03133926
2413	36.05320056
2414	36.06155422
2415	36.06602126
2416	36.06805598
2417	36.08680257
2418	36.10967671
2419	36.1352029
2420	36.10867937
2421	36.1398705
2422	36.13610576
2423	36.12999981
2424	36.12131204
2425	36.11288273
2426	36.15579041
2427	36.15797689
2428	36.15606023
2429	36.1136307
2430	36.10781314
2431	36.06013019
2432	36.03610122
2433	36.02523198
2434	36.02060919
2435	35.97431406
2436	35.94110944
2437	35.88131511
2438	35.86761815
2439	35.83699357
2440	35.7925969
2441	35.69681541
2442	35.61276008
2443	35.49114641
2444	35.29999682
2445	35.10832325
2446	34.85563141
2447	34.61902259
2448	34.29012065
2449	33.9957779
2450	33.68126759
2451	33.3848626
2452	33.06220216
2453	32.7555826
2454	32.45016513
2455	32.18353341
2456	31.87597058
2457	31.55390318
2458	31.29480611
2459	31.02497805
2460	30.73834794
2461	30.4587807
2462	30.16334056
2463	29.86867561
2464	29.63650948
2465	29.31623665
2466	29.05911414
2467	28.80747682
2468	28.55732507
2469	28.273031
2470	27.95835185
2471	27.64065225
2472	27.32229306
2473	26.97906307
2474	26.62699236
2475	26.27928153
2476	25.91712213
2477	25.51575514
2478	25.09901115
2479	24.71826286
2480	24.35675522
2481	23.98610416
2482	23.61605146
2483	23.27411584
2484	22.90823908
2485	22.58770578
2486	22.2326063
2487	21.90629478
2488	21.5644256
2489	21.21428879
2490	20.91010646
2491	20.59951065
2492	20.30188234
2493	19.98602114
2494	19.66282137
2495	19.32406077
2496	19.02671859
2497	18.69606198
2498	18.41768963
2499	18.11033733
2500	17.7882332
2501	17.44951976
2502	17.09476968
2503	16.71155982
2504	16.33919691
2505	15.97419563
2506	15.59345865
2507	15.22622389
2508	14.80519143
2509	14.41782809
2510	14.02682364
2511	13.61053428
2512	13.22486745
2513	12.86849001
2514	12.51268639
2515	12.12567588
2516	11.77076432
2517	11.41790324
2518	11.05480114
2519	10.69267422
2520	10.35726347
2521	10.03358237
2522	9.708229364
2523	9.394189231
2524	9.073063206
2525	8.776835553
2526	8.44394269
2527	8.089502535
2528	7.761541408
2529	7.457168841
2530	7.096902581
2531	6.729989403
2532	6.324317931
2533	5.911105992
2534	5.529989724
2535	5.209881545
2536	4.902782446
2537	4.648706264
2538	4.410052039
2539	4.16319244
2540	3.97082782
2541	3.827797238
2542	3.755651363
2543	3.714589861
2544	3.680582435
2545	3.643391754
2546	3.616712113
2547	3.614470949
2548	3.603930243
2549	3.620054549
2550	3.624183221
2551	3.638747894
2552	3.62889593
2553	3.628087802
2554	3.62103884
2555	3.575617874
2556	3.55592029
2557	3.514986459
2558	3.502534204
2559	3.482829151
2560	3.484963052
2561	3.495237929
2562	3.501531601
2563	3.499508748
2564	3.511959469
2565	3.524044565
2566	3.51693008
2567	3.513292965
2568	3.508156473
2569	3.484358912
2570	3.470922417
2571	3.44222872
2572	3.428456268
2573	3.404746021
2574	3.370405451
2575	3.372353778
2576	3.385287002
2577	3.39842928
2578	3.383354584
2579	3.382706659
2580	3.375273505
2581	3.392747982
2582	3.395789039
2583	3.395907197
2584	3.37943921
2585	3.364827478
2586	3.350267256
2587	3.354212501
2588	3.359154877
2589	3.351966683
2590	3.345066569
2591	3.304360871
2592	3.271091855
2593	3.271203108
2594	3.287814726
2595	3.280271189
2596	3.270908071
2597	3.26781126
2598	3.281980386
2599	3.297863926
2600	3.299573993
2601	3.334563203
2602	3.370963402
2603	3.388985191
2604	3.390570706
2605	3.381713826
2606	3.38669303
2607	3.383382205
2608	3.384351509
2609	3.380304116
2610	3.392353867
2611	3.388638901
2612	3.382219757
2613	3.362897157
2614	3.362051126
2615	3.385914569
2616	3.393453349
2617	3.381475311
2618	3.367181685
2619	3.359540655
2620	3.338902666
2621	3.325920593
2622	3.315183263
2623	3.326589745
2624	3.34246684
2625	3.352324788
2626	3.371604933
2627	3.389405035
2628	3.398336134
2629	3.397747851
2630	3.408984001
2631	3.402636416
2632	3.406948719
2633	3.404259118
2634	3.392828493
2635	3.391110754
2636	3.377034876
2637	3.365589111
2638	3.332227257
2639	3.003550431
2640	2.765906584
2641	2.482137172
2642	2.245255009
2643	1.977524021
2644	1.72448502
2645	1.460197336
2646	1.173959601
2647	0.921841822
2648	0.683325192
2649	0.762828468
2650	0.725745561
2651	0.765797351
2652	0.722758929
2653	0.739666197
2654	0.71548516
2655	0.711893519
2656	0.701105857
2657	0.715647103
2658	0.707653799
2659	0.714779794
2660	0.701570663
2661	0.716045208
2662	0.718412458
2663	0.731877547
2664	0.73758846
2665	0.743680803
2666	0.758869718
2667	0.747024211
2668	0.756564207
2669	0.750967053
2670	0.778321166
2671	0.775245992
2672	0.798057983
2673	0.793263024
2674	0.798403403
2675	0.793648597
2676	0.796765152
2677	0.784187168
2678	0.775552435
2679	0.756777556
2680	0.749172229
2681	0.727204172
2682	0.721627069
2683	0.701223452
2684	0.709534299
2685	0.702723086
2686	0.707593799
2687	0.717760083
2688	0.741840814
2689	0.765937043
2690	0.788877269
2691	0.810691107
2692	0.838896725
2693	0.85697437
2694	0.876403363
2695	0.884330069
2696	0.904159571
2697	0.919118206
2698	0.929446075
2699	0.933411218
2700	0.917830643
2701	0.898872901
2702	0.868067963
2703	0.845436892
2704	0.824922279
2705	0.813317537
2706	0.803229616
2707	0.790038285
2708	0.784633815
2709	0.771426986
2710	0.77608164
2711	0.787599271
2712	0.803325523
2713	0.821891554
2714	0.835631271
2715	0.849458096
2716	0.861394344
2717	0.877539827
2718	0.887446726
2719	0.895725502
2720	0.902889297
2721	0.908121492
2722	0.913546831
2723	0.91866005
2724	0.925454691
2725	0.937680145
2726	0.943838166
2727	0.948531745
2728	0.953178368
2729	0.96925229
2730	0.984441154
2731	0.997795041
2732	1.011899615
2733	1.023212337
2734	1.025161124
2735	1.017365159
2736	1.005340624
2737	0.985856184
2738	0.959744059
2739	0.929400704
2740	0.893973236
2741	0.862698992
2742	0.832045818
2743	0.801032953
2744	0.778100144
2745	0.76501224
2746	0.752936965
2747	0.717588064
2748	0.629925654
2749	0.588614383
2750	0.518176273
2751	0.471426568
2752	0.402430904
2753	0.348201959
2754	0.276550044
2755	0.216855606
2756	0.141909337
2757	0.119126349
2758	0.126734949
2759	0.121354469
2760	0.122625919
2761	0.1204134
2762	0.122310115
2763	0.117422727
2764	0.119824554
2765	0.106575321
2766	0.112588535
2767	0.090669582
2768	0.097142639
2769	0.075567265
2770	0.075183533
2771	0.056960774
2772	0.051175896
2773	0.038048913
2774	0.03190322
2775	0.024226845
2776	0.021232079
2777	0.013743938
2778	0.015886535
2779	0.008042897
2780	0.01183551
2781	0.004228699
2782	0.007485356
2783	0.002586867
2784	0.003828395
2785	0.002804206
2786	0.003088655
2787	0.005980454
2788	0.007143925
2789	0.007453949
2790	0.009156804
2791	0.009215883
2792	0.00838443
2793	0.006941983
2794	0.007461571
2795	0.004906189
2796	0.00155071
2797	-0.001512342
2798	-0.004900558
2799	-0.003809515
2800	-0.005519173
2801	4.73377E-06
2802	0.002908451
2803	0.011044568
2804	0.015819016
2805	0.023127363
2806	0.028733008
2807	0.036466723
2808	0.041500505
2809	0.047823742
2810	0.051943002
2811	0.056499907
2812	0.05636313
2813	0.05855836
2814	0.055462624
2815	0.057703992
2816	0.054799354
2817	0.055250349
2818	0.050839684
2819	0.049401687
2820	0.046680373
2821	0.045415827
2822	0.045522886
2823	0.048141899
2824	0.051251395
2825	0.056423437
2826	0.05932255
2827	0.064487329
2828	0.067534165
2829	0.072558791
2830	0.075314888
2831	0.079546986
2832	0.081494545
2833	0.083359189
2834	0.084290693
2835	0.083392335
2836	0.082692543
2837	0.081857049
2838	0.07983701
2839	0.078297786
2840	0.077153036
2841	0.075337036
2842	0.073316894
2843	0.070194764
2844	0.068632676
2845	0.066889463
2846	0.06671151
2847	0.064414337
2848	0.064340373
2849	0.06379787
2850	0.064345846
2851	0.064212548
2852	0.067228438
2853	0.070002949
2854	0.072428511
2855	0.075855703
2856	0.080952553
2857	0.085578563
2858	0.093360257
2859	0.098955774
2860	0.105502642
2861	0.112878098
2862	0.116978279
2863	0.119606806
2864	0.122272776
2865	0.123569136
2866	0.124960228
2867	0.125169485
2868	0.124712813
2869	0.123501924
2870	0.122544436
2871	0.11964875
2872	0.12035693
2873	0.120979944
2874	0.12298694
2875	0.123970771
2876	0.125787436
2877	0.12942501
2878	0.132289444
2879	0.135407789
2880	0.138076163
2881	0.141906115
2882	0.144338735
2883	0.14775181
2884	0.149426174
2885	0.152678841
2886	0.153959703
2887	0.154688394
2888	0.155254427
2889	0.15767564
2890	0.16031583
2891	0.161810092
2892	0.161644722
2893	0.160401814
2894	0.159122742
2895	0.155896367
2896	0.153866251
2897	0.152620273
2898	0.151403758
2899	0.147792884
2900	0.14351429
2901	0.140006331
2902	0.137560718
2903	0.135616586
2904	0.132939415
2905	0.132385863
2906	0.131820291
2907	0.129482401
2908	0.126256691
2909	0.124099926
2910	0.122311548
2911	0.120373451
2912	0.118223694
2913	0.11682539
2914	0.116064627
2915	0.114209804
2916	0.111953142
2917	0.111518566
2918	0.112117131
2919	0.113324694
2920	0.114006685
2921	0.115549694
2922	0.118179602
2923	0.119712176
2924	0.120168491
2925	0.12017555
2926	0.118879854
2927	0.116842832
2928	0.114591388
2929	0.112128282
2930	0.110670848
2931	0.109009783
2932	0.106795985
2933	0.104966021
2934	0.105001775
2935	0.105981514
2936	0.107369895
2937	0.109038836
2938	0.110002258
2939	0.11112972
2940	0.11146803
2941	0.111613195
2942	0.111063224
2943	0.110664709
2944	0.110742816
2945	0.110187116
2946	0.110315453
2947	0.110547319
2948	0.111521789
2949	0.111922452
2950	0.11254122
2951	0.113014057
2952	0.113479271
2953	0.115062127
2954	0.1164524
2955	0.118523641
2956	0.12093442
2957	0.122528682
2958	0.125099153
2959	0.12686257
2960	0.127209115
2961	0.128140926
2962	0.13043723
2963	0.132263306
2964	0.132430211
2965	0.132409648
2966	0.13229594
2967	0.133636751
2968	0.133843809
2969	0.135560474
2970	0.138134986
2971	0.139935027
2972	0.140584639
2973	0.141117015
2974	0.142809793
2975	0.144153826
2976	0.145553511
2977	0.14592957
2978	0.145299548
2979	0.144591266
2980	0.144813004
2981	0.144666764
2982	0.143781654
2983	0.143382577
2984	0.142598848
2985	0.141879363
2986	0.141314558
2987	0.141728674
2988	0.142453784
2989	0.143441196
2990	0.142718233
2991	0.143666565
2992	0.14439009
2993	0.144881545
2994	0.14602026
2995	0.147601837
2996	0.148976969
2997	0.149903921
2998	0.15019374
2999	0.150253381
3000	0.151159207
3001	0.151365856
3002	0.152451527
3003	0.153237763
3004	0.152992445
3005	0.152975463
3006	0.152879402
3007	0.153139452
3008	0.154681489
3009	0.155889052
3010	0.156282452
3011	0.157443468
3012	0.156978458
3013	0.156350431
3014	0.157216461
3015	0.157330272
3016	0.157208022
3017	0.156413346
3018	0.155814424
3019	0.153933616
3020	0.153752287
3021	0.151575369
3022	0.150371335
3023	0.14922193
3024	0.147228795
3025	0.145496427
3026	0.143133269
3027	0.139608123
3028	0.135656228
3029	0.132909543
3030	0.129426954
3031	0.12697592
3032	0.125175572
3033	0.123535326
3034	0.120708744
3035	0.118439805
3036	0.116621811
3037	0.115608415
3038	0.114483613
3039	0.11350009
3040	0.11203396
3041	0.111366905
3042	0.110570541
3043	0.108902929
3044	0.108942469
3045	0.108270964
3046	0.10795204
3047	0.1069878
3048	0.106585244
3049	0.105271902
3050	0.105630723
3051	0.10559768
3052	0.105139831
3053	0.105152925
3054	0.105098603
3055	0.105240751
3056	0.104641931
3057	0.103643318
3058	0.103030585
3059	0.103713496
3060	0.102286855
3061	0.100381546
3062	0.099908096
3063	0.098228311
3064	0.096301672
3065	0.095161679
3066	0.094460711
3067	0.096205714
3068	0.09678305
3069	0.096563819
3070	0.098296955
3071	0.099974592
3072	0.100700521
3073	0.102497544
3074	0.104244235
3075	0.105146787
3076	0.106428008
3077	0.106453583
3078	0.106681459
3079	0.107742066
3080	0.107889943
3081	0.107974904
3082	0.108201399
3083	0.10850999
3084	0.109000115
3085	0.108423853
3086	0.105916348
3087	0.102805573
3088	0.100512031
3089	0.097738697
3090	0.094362041
3091	0.091144208
3092	0.087768013
3093	0.084592993
3094	0.080553988
3095	0.077847661
3096	0.076888076
3097	0.076027006
3098	0.07414492
3099	0.073201498
3100	0.072323038
3101	0.072509891
3102	0.073352904
3103	0.073847837
3104	0.075389465
3105	0.077342753
3106	0.078928371
3107	0.081969325
3108	0.084742711
3109	0.08739712
3110	0.090465235
3111	0.092286401
3112	0.092701591
3113	0.093814014
3114	0.094803624
3115	0.095188737
3116	0.097254966
3117	0.098279461
3118	0.099920833
3119	0.100577351
3120	0.101431003
3121	0.102694986
3122	0.104649092
3123	0.106168009
3124	0.107795161
3125	0.109101854
3126	0.109079194
3127	0.109027788
3128	0.109250702
3129	0.109253771
3130	0.108727227
3131	0.107693166
3132	0.107202683
3133	0.106182996
3134	0.105864584
3135	0.105144332
3136	0.104876917
3137	0.104767096
3138	0.104196665
3139	0.104851086
3140	0.10499088
3141	0.105738088
3142	0.105710978
3143	0.105591337
3144	0.104585614
3145	0.104722237
3146	0.10406265
3147	0.103735389
3148	0.10278189
3149	0.101595913
3150	0.102333658
3151	0.102433197
3152	0.102961327
3153	0.103996052
3154	0.105241979
3155	0.105819315
3156	0.10632632
3157	0.106965651
3158	0.108361091
3159	0.10900789
3160	0.108872955
3161	0.10885004
3162	0.108836127
3163	0.108855922
3164	0.109132902
3165	0.108982673
3166	0.109426302
3167	0.109397863
3168	0.109691927
3169	0.109710751
3170	0.109605841
3171	0.109382671
3172	0.109223234
3173	0.108900525
3174	0.107301353
3175	0.106075222
3176	0.104717173
3177	0.104201115
3178	0.102253863
3179	0.101280518
3180	0.099444723
3181	0.097858594
3182	0.096586581
3183	0.096007147
3184	0.095998349
3185	0.095531088
3186	0.096678192
3187	0.096804892
3188	0.098322274
3189	0.098339819
3190	0.098812502
3191	0.099542011
3192	0.099769785
3193	0.099083958
3194	0.098010204
3195	0.096622233
3196	0.092994325
3197	0.089668923
3198	0.085562859
3199	0.084173967
3200	0.082442519
3201	0.081506668
3202	0.08053808
3203	0.079672765
3204	0.079481258
3205	0.079313432
3206	0.080364015
3207	0.080919561
3208	0.081732447
3209	0.080943807
3210	0.080561098
3211	0.07865006
3212	0.077410323
3213	0.075586344
3214	0.074180777
3215	0.072785951
3216	0.070812356
3217	0.068376974
3218	0.066215145
3219	0.064523288
3220	0.062510716
3221	0.060636711
3222	0.057531205
3223	0.055463391
3224	0.053167496
3225	0.05244392
3226	0.052226581
3227	0.052762742
3228	0.053216294
3229	0.053627187
3230	0.054996846
3231	0.056880467
3232	0.058382556
3233	0.059913954
3234	0.061672255
3235	0.062471893
3236	0.063803445
3237	0.063267745
3238	0.063858585
3239	0.063387488
3240	0.062482634
3241	0.061052617
3242	0.059768072
3243	0.058665521
3244	0.056236379
3245	0.054642475
3246	0.05226254
3247	0.051711136
3248	0.050678508
3249	0.049520919
3250	0.049179335
3251	0.049471917
3252	0.050880809
3253	0.051722185
3254	0.052801718
3255	0.052917523
3256	0.053141512
3257	0.053857313
3258	0.055127434
3259	0.056926042
3260	0.05798619
3261	0.059304954
3262	0.060010321
3263	0.06106965
3264	0.06277762
3265	0.064579042
3266	0.065587527
3267	0.066605628
3268	0.066416013
3269	0.066594682
3270	0.0674868
3271	0.067277287
3272	0.066998465
3273	0.066820614
3274	0.067619689
3275	0.068543418
3276	0.070497985
3277	0.07148514
3278	0.072482679
3279	0.073179964
3280	0.073409068
3281	0.074429522
3282	0.075785882
3283	0.07725636
3284	0.077748531
3285	0.078373898
3286	0.07853313
3287	0.079332205
3288	0.080555676
3289	0.082135053
3290	0.083438882
3291	0.085386185
3292	0.086397023
3293	0.087522285
3294	0.088963454
3295	0.090904107
3296	0.093060054
3297	0.095087868
3298	0.096261058
3299	0.097312152
3300	0.099110863
3301	0.100142213
3302	0.100365587
3303	0.101320416
3304	0.101663278
3305	0.101777497
3306	0.101326144
3307	0.101286042
3308	0.101243638
3309	0.100842362
3310	0.100051369
3311	0.098702988
3312	0.09978334
3313	0.100391316
3314	0.101091772
3315	0.101825835
3316	0.102891915
3317	0.102644909
3318	0.103268179
3319	0.103612985
3320	0.103873342
3321	0.104639783
3322	0.104171345
3323	0.104202956
3324	0.103425723
3325	0.102948744
3326	0.102872529
3327	0.102736264
3328	0.101951614
3329	0.101797753
3330	0.10209949
3331	0.102176728
3332	0.10290414
3333	0.102270896
3334	0.102788335
3335	0.102082201
3336	0.101598163
3337	0.101296733
3338	0.102144196
3339	0.102346087
3340	0.102197904
3341	0.101889671
3342	0.101468701
3343	0.101135404
3344	0.100916326
3345	0.101714173
3346	0.101057399
3347	0.101810643
3348	0.100034131
3349	0.099446769
3350	0.099621755
3351	0.099528661
3352	0.098823601
3353	0.098649178
3354	0.098234039
3355	0.097228572
3356	0.096824329
3357	0.096186481
3358	0.096614714
3359	0.095726074
3360	0.095447559
3361	0.095561932
3362	0.095434721
3363	0.095657533
3364	0.095442649
3365	0.09484966
3366	0.095281524
3367	0.094233346
3368	0.094246799
3369	0.094830837
3370	0.094354778
3371	0.094543319
3372	0.09489902
3373	0.094577232
3374	0.094603165
3375	0.09492301
3376	0.094387412
3377	0.094546337
3378	0.093927415
3379	0.093938054
3380	0.093169567
3381	0.090912138
3382	0.088979413
3383	0.087262952
3384	0.085495801
3385	0.084232432
3386	0.082539757
3387	0.081391374
3388	0.079173842
3389	0.077473136
3390	0.075921738
3391	0.075076884
3392	0.075511562
3393	0.07431029
3394	0.073262623
3395	0.071795982
3396	0.070285352
3397	0.068335388
3398	0.067994265
3399	0.066855806
3400	0.065687424
3401	0.065681184
3402	0.064347688
3403	0.065085126
3404	0.064928656
3405	0.066221334
3406	0.067282862
3407	0.068188842
3408	0.068613903
3409	0.069321214
3410	0.070151388
3411	0.069264948
3412	0.069438553
3413	0.06895339
3414	0.069259066
3415	0.0681892
3416	0.067685929
3417	0.068358048
3418	0.069474308
3419	0.070506015
3420	0.070868059
3421	0.073012702
3422	0.074456632
3423	0.075875549
3424	0.077044852
3425	0.078271495
3426	0.079427703
3427	0.079418649
3428	0.080079822
3429	0.080062635
3430	0.080961709
3431	0.08036069
3432	0.080040538
3433	0.079246016
3434	0.078237838
3435	0.077679938
3436	0.077020044
3437	0.077012218
3438	0.076268437
3439	0.074929417
3440	0.074536171
3441	0.07423203
3442	0.072580223
3443	0.072417155
3444	0.071935879
3445	0.071383811
3446	0.071086165
3447	0.069859779
3448	0.069395126
3449	0.069684639
3450	0.068492063
3451	0.068128586
3452	0.068855641
3453	0.068265926
3454	0.068022654
3455	0.067394013
3456	0.066128445
3457	0.065916937
3458	0.064921239
3459	0.064593824
3460	0.064503185
3461	0.063205853
3462	0.062753374
3463	0.062184887
3464	0.061340237
3465	0.060829242
3466	0.061350825
3467	0.061036811
3468	0.061153333
3469	0.060300141
3470	0.05933897
3471	0.058878512
3472	0.057985934
3473	0.057613353
3474	0.05801289
3475	0.058398924
3476	0.057702867
3477	0.058275753
3478	0.058240766
3479	0.059078153
3480	0.059647612
3481	0.060523822
3482	0.060986377
3483	0.061165404
3484	0.06193921
3485	0.0625189
3486	0.064253724
3487	0.064807378
3488	0.065808293
3489	0.066252485
3490	0.068752777
3491	0.070949747
3492	0.072696693
3493	0.074717244
3494	0.076137031
3495	0.079106324
3496	0.081560529
3497	0.08303648
3498	0.083741233
3499	0.085362093
3500	0.084777084
3501	0.084560614
3502	0.085336313
3503	0.085874008
3504	0.086766893
3505	0.08716817
3506	0.086554516
3507	0.087511339
3508	0.088636294
3509	0.089203299
3510	0.090359353
3511	0.091645484
3512	0.092830643
3513	0.093257546
3514	0.093625575
3515	0.092199854
3516	0.092716936
3517	0.093567314
3518	0.094338154
3519	0.096186737
3520	0.096363053
3521	0.09576367
3522	0.094961168
3523	0.094390788
3524	0.09479053
3525	0.09564362
3526	0.095223622
3527	0.093615959
3528	0.093358313
3529	0.091231164
3530	0.090080071
3531	0.089793986
3532	0.089920737
3533	0.091151267
3534	0.09151592
3535	0.091659039
3536	0.09159996
3537	0.093463734
3538	0.093723221
3539	0.094492322
3540	0.095695435
3541	0.096888983
3542	0.098382478
3543	0.099135876
3544	0.099557203
3545	0.100473208
3546	0.10146998
3547	0.100848347
3548	0.100569576
3549	0.100664614
3550	0.100898679
3551	0.100701851
3552	0.099894286
3553	0.099416334
3554	0.098946772
3555	0.09883245
3556	0.099247589
3557	0.100284309
3558	0.101038064
3559	0.101280262
3560	0.102308952
3561	0.103206287
3562	0.103618714
3563	0.104044032
3564	0.103835491
3565	0.103769199
3566	0.103425723
3567	0.102344297
3568	0.10230486
3569	0.103087464
3570	0.102501892
3571	0.102734985
3572	0.10331534
3573	0.102975291
3574	0.103442961
3575	0.103977075
3576	0.104590985
3577	0.105661976
3578	0.10566172
3579	0.105424382
3580	0.105686273
3581	0.1051607
3582	0.104465154
3583	0.105342183
3584	0.105781259
3585	0.105513946
3586	0.105399062
3587	0.105565353
3588	0.106159978
3589	0.106729336
3590	0.107436851
3591	0.108201501
3592	0.109179143
3593	0.109075716
3594	0.109671262
3595	0.109784203
3596	0.110062053
3597	0.110154226
3598	0.109981337
3599	0.10941643
3600	0.10941643